+1 -45 -35 +69 -106 -42 +64 +16 +41 -57 -7 +116 -105 +80 +46 +76 -44 -119 -77 +92 -13 +107 -75 +21 -86 +111 +30 +54 -18 -31 +117 +124 +122 +12 -4 -72 -120 -20 -60 -87 -74 -34 +115 -99 +50 +96 -27 -114 +85 -28 -25 +39 -70 +68 -2 +62 -110 -123 -125 +17 +38 -118 -9 -112 +56 +40 +126 +11 +97 -48 -109 +102 +37 +93 +63 +8 -98 +59 -78 +113 -100 -23 +81 +61 +104 -24 -94 -26 +103 +36 +67 -79 -5 -71 -65 +55 -51 -66 -84 -49 +121 +91 -43 -22 +82 -58 -89 +108 -33 +83 +95 -6 -29 -19 -47 +52 +73 +32 +15 -53 +88 +90 +3 +14 +101 -10
+1 +2 -68 +70 -39 +25 +28 -85 +114 +27 -96 -50 +99 -115 +34 +74 +87 +60 +20 +120 +72 +4 -12 -122 -124 -117 +31 +18 -54 -30 -111 +86 -21 +75 -107 +13 -92 +77 +119 +44 -76 -46 -80 +105 -116 +7 +57 -41 -16 -64 +42 +106 -69 +35 +45 +62 -110 -123 -125 +17 +38 -118 -9 -112 +56 +40 +126 +11 +97 -48 -109 +102 +37 +93 +63 +8 -98 +59 -78 +113 -100 -23 +81 +61 +104 -24 -94 -26 +103 +36 +67 -79 -5 -71 -65 +55 -51 -66 -84 -49 +121 +91 -43 -22 +82 -58 -89 +108 -33 +83 +95 -6 -29 -19 -47 +52 +73 +32 +15 -53 +88 +90 +3 +14 +101 -10
+1 +2 -3 -90 -88 +53 -15 -32 -73 -52 +47 +19 +29 +6 -95 -83 +33 -108 +89 +58 -82 +22 +43 -91 -121 +49 +84 +66 +51 -55 +65 +71 +5 +79 -67 -36 -103 +26 +94 +24 -104 -61 -81 +23 +100 -113 +78 -59 +98 -8 -63 -93 -37 -102 +109 +48 -97 -11 -126 -40 -56 +112 +9 +118 -38 -17 +125 +123 +110 -62 -45 -35 +69 -106 -42 +64 +16 +41 -57 -7 +116 -105 +80 +46 +76 -44 -119 -77 +92 -13 +107 -75 +21 -86 +111 +30 +54 -18 -31 +117 +124 +122 +12 -4 -72 -120 -20 -60 -87 -74 -34 +115 -99 +50 +96 -27 -114 +85 -28 -25 +39 -70 +68 +14 +101 -10
+1 +2 +3 -90 -88 +53 -15 -32 -73 -52 +47 +19 +29 +6 -95 -83 +33 -108 +89 +58 -82 +22 +43 -91 -121 +49 +84 +66 +51 -55 +65 +71 +5 +79 -67 -36 -103 +26 +94 +24 -104 -61 -81 +23 +100 -113 +78 -59 +98 -8 -63 -93 -37 -102 +109 +48 -97 -11 -126 -40 -56 +112 +9 +118 -38 -17 +125 +123 +110 -62 -45 -35 +69 -106 -42 +64 +16 +41 -57 -7 +116 -105 +80 +46 +76 -44 -119 -77 +92 -13 +107 -75 +21 -86 +111 +30 +54 -18 -31 +117 +124 +122 +12 -4 -72 -120 -20 -60 -87 -74 -34 +115 -99 +50 +96 -27 -114 +85 -28 -25 +39 -70 +68 +14 +101 -10
+1 +2 +3 +4 -12 -122 -124 -117 +31 +18 -54 -30 -111 +86 -21 +75 -107 +13 -92 +77 +119 +44 -76 -46 -80 +105 -116 +7 +57 -41 -16 -64 +42 +106 -69 +35 +45 +62 -110 -123 -125 +17 +38 -118 -9 -112 +56 +40 +126 +11 +97 -48 -109 +102 +37 +93 +63 +8 -98 +59 -78 +113 -100 -23 +81 +61 +104 -24 -94 -26 +103 +36 +67 -79 -5 -71 -65 +55 -51 -66 -84 -49 +121 +91 -43 -22 +82 -58 -89 +108 -33 +83 +95 -6 -29 -19 -47 +52 +73 +32 +15 -53 +88 +90 -72 -120 -20 -60 -87 -74 -34 +115 -99 +50 +96 -27 -114 +85 -28 -25 +39 -70 +68 +14 +101 -10
+1 +2 +3 +4 +5 +79 -67 -36 -103 +26 +94 +24 -104 -61 -81 +23 +100 -113 +78 -59 +98 -8 -63 -93 -37 -102 +109 +48 -97 -11 -126 -40 -56 +112 +9 +118 -38 -17 +125 +123 +110 -62 -45 -35 +69 -106 -42 +64 +16 +41 -57 -7 +116 -105 +80 +46 +76 -44 -119 -77 +92 -13 +107 -75 +21 -86 +111 +30 +54 -18 -31 +117 +124 +122 +12 -71 -65 +55 -51 -66 -84 -49 +121 +91 -43 -22 +82 -58 -89 +108 -33 +83 +95 -6 -29 -19 -47 +52 +73 +32 +15 -53 +88 +90 -72 -120 -20 -60 -87 -74 -34 +115 -99 +50 +96 -27 -114 +85 -28 -25 +39 -70 +68 +14 +101 -10
+1 +2 +3 +4 +5 +6 -95 -83 +33 -108 +89 +58 -82 +22 +43 -91 -121 +49 +84 +66 +51 -55 +65 +71 -12 -122 -124 -117 +31 +18 -54 -30 -111 +86 -21 +75 -107 +13 -92 +77 +119 +44 -76 -46 -80 +105 -116 +7 +57 -41 -16 -64 +42 +106 -69 +35 +45 +62 -110 -123 -125 +17 +38 -118 -9 -112 +56 +40 +126 +11 +97 -48 -109 +102 +37 +93 +63 +8 -98 +59 -78 +113 -100 -23 +81 +61 +104 -24 -94 -26 +103 +36 +67 -79 -29 -19 -47 +52 +73 +32 +15 -53 +88 +90 -72 -120 -20 -60 -87 -74 -34 +115 -99 +50 +96 -27 -114 +85 -28 -25 +39 -70 +68 +14 +101 -10
+1 +2 +3 +4 +5 +6 -7 +116 -105 +80 +46 +76 -44 -119 -77 +92 -13 +107 -75 +21 -86 +111 +30 +54 -18 -31 +117 +124 +122 +12 -71 -65 +55 -51 -66 -84 -49 +121 +91 -43 -22 +82 -58 -89 +108 -33 +83 +95 +57 -41 -16 -64 +42 +106 -69 +35 +45 +62 -110 -123 -125 +17 +38 -118 -9 -112 +56 +40 +126 +11 +97 -48 -109 +102 +37 +93 +63 +8 -98 +59 -78 +113 -100 -23 +81 +61 +104 -24 -94 -26 +103 +36 +67 -79 -29 -19 -47 +52 +73 +32 +15 -53 +88 +90 -72 -120 -20 -60 -87 -74 -34 +115 -99 +50 +96 -27 -114 +85 -28 -25 +39 -70 +68 +14 +101 -10
+1 +2 +3 +4 +5 +6 +7 +116 -105 +80 +46 +76 -44 -119 -77 +92 -13 +107 -75 +21 -86 +111 +30 +54 -18 -31 +117 +124 +122 +12 -71 -65 +55 -51 -66 -84 -49 +121 +91 -43 -22 +82 -58 -89 +108 -33 +83 +95 +57 -41 -16 -64 +42 +106 -69 +35 +45 +62 -110 -123 -125 +17 +38 -118 -9 -112 +56 +40 +126 +11 +97 -48 -109 +102 +37 +93 +63 +8 -98 +59 -78 +113 -100 -23 +81 +61 +104 -24 -94 -26 +103 +36 +67 -79 -29 -19 -47 +52 +73 +32 +15 -53 +88 +90 -72 -120 -20 -60 -87 -74 -34 +115 -99 +50 +96 -27 -114 +85 -28 -25 +39 -70 +68 +14 +101 -10
+1 +2 +3 +4 +5 +6 +7 -8 -63 -93 -37 -102 +109 +48 -97 -11 -126 -40 -56 +112 +9 +118 -38 -17 +125 +123 +110 -62 -45 -35 +69 -106 -42 +64 +16 +41 -57 -95 -83 +33 -108 +89 +58 -82 +22 +43 -91 -121 +49 +84 +66 +51 -55 +65 +71 -12 -122 -124 -117 +31 +18 -54 -30 -111 +86 -21 +75 -107 +13 -92 +77 +119 +44 -76 -46 -80 +105 -116 -98 +59 -78 +113 -100 -23 +81 +61 +104 -24 -94 -26 +103 +36 +67 -79 -29 -19 -47 +52 +73 +32 +15 -53 +88 +90 -72 -120 -20 -60 -87 -74 -34 +115 -99 +50 +96 -27 -114 +85 -28 -25 +39 -70 +68 +14 +101 -10
+1 +2 +3 +4 +5 +6 +7 +8 -63 -93 -37 -102 +109 +48 -97 -11 -126 -40 -56 +112 +9 +118 -38 -17 +125 +123 +110 -62 -45 -35 +69 -106 -42 +64 +16 +41 -57 -95 -83 +33 -108 +89 +58 -82 +22 +43 -91 -121 +49 +84 +66 +51 -55 +65 +71 -12 -122 -124 -117 +31 +18 -54 -30 -111 +86 -21 +75 -107 +13 -92 +77 +119 +44 -76 -46 -80 +105 -116 -98 +59 -78 +113 -100 -23 +81 +61 +104 -24 -94 -26 +103 +36 +67 -79 -29 -19 -47 +52 +73 +32 +15 -53 +88 +90 -72 -120 -20 -60 -87 -74 -34 +115 -99 +50 +96 -27 -114 +85 -28 -25 +39 -70 +68 +14 +101 -10
+1 +2 +3 +4 +5 +6 +7 +8 -9 -112 +56 +40 +126 +11 +97 -48 -109 +102 +37 +93 +63 +118 -38 -17 +125 +123 +110 -62 -45 -35 +69 -106 -42 +64 +16 +41 -57 -95 -83 +33 -108 +89 +58 -82 +22 +43 -91 -121 +49 +84 +66 +51 -55 +65 +71 -12 -122 -124 -117 +31 +18 -54 -30 -111 +86 -21 +75 -107 +13 -92 +77 +119 +44 -76 -46 -80 +105 -116 -98 +59 -78 +113 -100 -23 +81 +61 +104 -24 -94 -26 +103 +36 +67 -79 -29 -19 -47 +52 +73 +32 +15 -53 +88 +90 -72 -120 -20 -60 -87 -74 -34 +115 -99 +50 +96 -27 -114 +85 -28 -25 +39 -70 +68 +14 +101 -10
+1 +2 +3 +4 +5 +6 +7 +8 +9 -112 +56 +40 +126 +11 +97 -48 -109 +102 +37 +93 +63 +118 -38 -17 +125 +123 +110 -62 -45 -35 +69 -106 -42 +64 +16 +41 -57 -95 -83 +33 -108 +89 +58 -82 +22 +43 -91 -121 +49 +84 +66 +51 -55 +65 +71 -12 -122 -124 -117 +31 +18 -54 -30 -111 +86 -21 +75 -107 +13 -92 +77 +119 +44 -76 -46 -80 +105 -116 -98 +59 -78 +113 -100 -23 +81 +61 +104 -24 -94 -26 +103 +36 +67 -79 -29 -19 -47 +52 +73 +32 +15 -53 +88 +90 -72 -120 -20 -60 -87 -74 -34 +115 -99 +50 +96 -27 -114 +85 -28 -25 +39 -70 +68 +14 +101 -10
+1 +2 +3 +4 +5 +6 +7 +8 +9 +10 -101 -14 -68 +70 -39 +25 +28 -85 +114 +27 -96 -50 +99 -115 +34 +74 +87 +60 +20 +120 +72 -90 -88 +53 -15 -32 -73 -52 +47 +19 +29 +79 -67 -36 -103 +26 +94 +24 -104 -61 -81 +23 +100 -113 +78 -59 +98 +116 -105 +80 +46 +76 -44 -119 -77 +92 -13 +107 -75 +21 -86 +111 +30 +54 -18 -31 +117 +124 +122 +12 -71 -65 +55 -51 -66 -84 -49 +121 +91 -43 -22 +82 -58 -89 +108 -33 +83 +95 +57 -41 -16 -64 +42 +106 -69 +35 +45 +62 -110 -123 -125 +17 +38 -118 -63 -93 -37 -102 +109 +48 -97 -11 -126 -40 -56 +112
+1 +2 +3 +4 +5 +6 +7 +8 +9 +10 +11 +97 -48 -109 +102 +37 +93 +63 +118 -38 -17 +125 +123 +110 -62 -45 -35 +69 -106 -42 +64 +16 +41 -57 -95 -83 +33 -108 +89 +58 -82 +22 +43 -91 -121 +49 +84 +66 +51 -55 +65 +71 -12 -122 -124 -117 +31 +18 -54 -30 -111 +86 -21 +75 -107 +13 -92 +77 +119 +44 -76 -46 -80 +105 -116 -98 +59 -78 +113 -100 -23 +81 +61 +104 -24 -94 -26 +103 +36 +67 -79 -29 -19 -47 +52 +73 +32 +15 -53 +88 +90 -72 -120 -20 -60 -87 -74 -34 +115 -99 +50 +96 -27 -114 +85 -28 -25 +39 -70 +68 +14 +101 -126 -40 -56 +112
+1 +2 +3 +4 +5 +6 +7 +8 +9 +10 +11 +12 -71 -65 +55 -51 -66 -84 -49 +121 +91 -43 -22 +82 -58 -89 +108 -33 +83 +95 +57 -41 -16 -64 +42 +106 -69 +35 +45 +62 -110 -123 -125 +17 +38 -118 -63 -93 -37 -102 +109 +48 -97 -122 -124 -117 +31 +18 -54 -30 -111 +86 -21 +75 -107 +13 -92 +77 +119 +44 -76 -46 -80 +105 -116 -98 +59 -78 +113 -100 -23 +81 +61 +104 -24 -94 -26 +103 +36 +67 -79 -29 -19 -47 +52 +73 +32 +15 -53 +88 +90 -72 -120 -20 -60 -87 -74 -34 +115 -99 +50 +96 -27 -114 +85 -28 -25 +39 -70 +68 +14 +101 -126 -40 -56 +112
+1 +2 +3 +4 +5 +6 +7 +8 +9 +10 +11 +12 -13 +107 -75 +21 -86 +111 +30 +54 -18 -31 +117 +124 +122 +97 -48 -109 +102 +37 +93 +63 +118 -38 -17 +125 +123 +110 -62 -45 -35 +69 -106 -42 +64 +16 +41 -57 -95 -83 +33 -108 +89 +58 -82 +22 +43 -91 -121 +49 +84 +66 +51 -55 +65 +71 -92 +77 +119 +44 -76 -46 -80 +105 -116 -98 +59 -78 +113 -100 -23 +81 +61 +104 -24 -94 -26 +103 +36 +67 -79 -29 -19 -47 +52 +73 +32 +15 -53 +88 +90 -72 -120 -20 -60 -87 -74 -34 +115 -99 +50 +96 -27 -114 +85 -28 -25 +39 -70 +68 +14 +101 -126 -40 -56 +112
+1 +2 +3 +4 +5 +6 +7 +8 +9 +10 +11 +12 +13 +107 -75 +21 -86 +111 +30 +54 -18 -31 +117 +124 +122 +97 -48 -109 +102 +37 +93 +63 +118 -38 -17 +125 +123 +110 -62 -45 -35 +69 -106 -42 +64 +16 +41 -57 -95 -83 +33 -108 +89 +58 -82 +22 +43 -91 -121 +49 +84 +66 +51 -55 +65 +71 -92 +77 +119 +44 -76 -46 -80 +105 -116 -98 +59 -78 +113 -100 -23 +81 +61 +104 -24 -94 -26 +103 +36 +67 -79 -29 -19 -47 +52 +73 +32 +15 -53 +88 +90 -72 -120 -20 -60 -87 -74 -34 +115 -99 +50 +96 -27 -114 +85 -28 -25 +39 -70 +68 +14 +101 -126 -40 -56 +112
+1 +2 +3 +4 +5 +6 +7 +8 +9 +10 +11 +12 +13 -14 -68 +70 -39 +25 +28 -85 +114 +27 -96 -50 +99 -115 +34 +74 +87 +60 +20 +120 +72 -90 -88 +53 -15 -32 -73 -52 +47 +19 +29 +79 -67 -36 -103 +26 +94 +24 -104 -61 -81 +23 +100 -113 +78 -59 +98 +116 -105 +80 +46 +76 -44 -119 -77 +92 -71 -65 +55 -51 -66 -84 -49 +121 +91 -43 -22 +82 -58 -89 +108 -33 +83 +95 +57 -41 -16 -64 +42 +106 -69 +35 +45 +62 -110 -123 -125 +17 +38 -118 -63 -93 -37 -102 +109 +48 -97 -122 -124 -117 +31 +18 -54 -30 -111 +86 -21 +75 -107 +101 -126 -40 -56 +112
+1 +2 +3 +4 +5 +6 +7 +8 +9 +10 +11 +12 +13 +14 -68 +70 -39 +25 +28 -85 +114 +27 -96 -50 +99 -115 +34 +74 +87 +60 +20 +120 +72 -90 -88 +53 -15 -32 -73 -52 +47 +19 +29 +79 -67 -36 -103 +26 +94 +24 -104 -61 -81 +23 +100 -113 +78 -59 +98 +116 -105 +80 +46 +76 -44 -119 -77 +92 -71 -65 +55 -51 -66 -84 -49 +121 +91 -43 -22 +82 -58 -89 +108 -33 +83 +95 +57 -41 -16 -64 +42 +106 -69 +35 +45 +62 -110 -123 -125 +17 +38 -118 -63 -93 -37 -102 +109 +48 -97 -122 -124 -117 +31 +18 -54 -30 -111 +86 -21 +75 -107 +101 -126 -40 -56 +112
+1 +2 +3 +4 +5 +6 +7 +8 +9 +10 +11 +12 +13 +14 +15 -53 +88 +90 -72 -120 -20 -60 -87 -74 -34 +115 -99 +50 +96 -27 -114 +85 -28 -25 +39 -70 +68 -32 -73 -52 +47 +19 +29 +79 -67 -36 -103 +26 +94 +24 -104 -61 -81 +23 +100 -113 +78 -59 +98 +116 -105 +80 +46 +76 -44 -119 -77 +92 -71 -65 +55 -51 -66 -84 -49 +121 +91 -43 -22 +82 -58 -89 +108 -33 +83 +95 +57 -41 -16 -64 +42 +106 -69 +35 +45 +62 -110 -123 -125 +17 +38 -118 -63 -93 -37 -102 +109 +48 -97 -122 -124 -117 +31 +18 -54 -30 -111 +86 -21 +75 -107 +101 -126 -40 -56 +112
+1 +2 +3 +4 +5 +6 +7 +8 +9 +10 +11 +12 +13 +14 +15 +16 +41 -57 -95 -83 +33 -108 +89 +58 -82 +22 +43 -91 -121 +49 +84 +66 +51 -55 +65 +71 -92 +77 +119 +44 -76 -46 -80 +105 -116 -98 +59 -78 +113 -100 -23 +81 +61 +104 -24 -94 -26 +103 +36 +67 -79 -29 -19 -47 +52 +73 +32 -68 +70 -39 +25 +28 -85 +114 +27 -96 -50 +99 -115 +34 +74 +87 +60 +20 +120 +72 -90 -88 +53 -64 +42 +106 -69 +35 +45 +62 -110 -123 -125 +17 +38 -118 -63 -93 -37 -102 +109 +48 -97 -122 -124 -117 +31 +18 -54 -30 -111 +86 -21 +75 -107 +101 -126 -40 -56 +112
+1 +2 +3 +4 +5 +6 +7 +8 +9 +10 +11 +12 +13 +14 +15 +16 -17 +125 +123 +110 -62 -45 -35 +69 -106 -42 +64 -53 +88 +90 -72 -120 -20 -60 -87 -74 -34 +115 -99 +50 +96 -27 -114 +85 -28 -25 +39 -70 +68 -32 -73 -52 +47 +19 +29 +79 -67 -36 -103 +26 +94 +24 -104 -61 -81 +23 +100 -113 +78 -59 +98 +116 -105 +80 +46 +76 -44 -119 -77 +92 -71 -65 +55 -51 -66 -84 -49 +121 +91 -43 -22 +82 -58 -89 +108 -33 +83 +95 +57 -41 +38 -118 -63 -93 -37 -102 +109 +48 -97 -122 -124 -117 +31 +18 -54 -30 -111 +86 -21 +75 -107 +101 -126 -40 -56 +112
+1 +2 +3 +4 +5 +6 +7 +8 +9 +10 +11 +12 +13 +14 +15 +16 +17 +125 +123 +110 -62 -45 -35 +69 -106 -42 +64 -53 +88 +90 -72 -120 -20 -60 -87 -74 -34 +115 -99 +50 +96 -27 -114 +85 -28 -25 +39 -70 +68 -32 -73 -52 +47 +19 +29 +79 -67 -36 -103 +26 +94 +24 -104 -61 -81 +23 +100 -113 +78 -59 +98 +116 -105 +80 +46 +76 -44 -119 -77 +92 -71 -65 +55 -51 -66 -84 -49 +121 +91 -43 -22 +82 -58 -89 +108 -33 +83 +95 +57 -41 +38 -118 -63 -93 -37 -102 +109 +48 -97 -122 -124 -117 +31 +18 -54 -30 -111 +86 -21 +75 -107 +101 -126 -40 -56 +112
+1 +2 +3 +4 +5 +6 +7 +8 +9 +10 +11 +12 +13 +14 +15 +16 +17 -18 -31 +117 +124 +122 +97 -48 -109 +102 +37 +93 +63 +118 -38 +41 -57 -95 -83 +33 -108 +89 +58 -82 +22 +43 -91 -121 +49 +84 +66 +51 -55 +65 +71 -92 +77 +119 +44 -76 -46 -80 +105 -116 -98 +59 -78 +113 -100 -23 +81 +61 +104 -24 -94 -26 +103 +36 +67 -79 -29 -19 -47 +52 +73 +32 -68 +70 -39 +25 +28 -85 +114 +27 -96 -50 +99 -115 +34 +74 +87 +60 +20 +120 +72 -90 -88 +53 -64 +42 +106 -69 +35 +45 +62 -110 -123 -125 -54 -30 -111 +86 -21 +75 -107 +101 -126 -40 -56 +112
+1 +2 +3 +4 +5 +6 +7 +8 +9 +10 +11 +12 +13 +14 +15 +16 +17 +18 -31 +117 +124 +122 +97 -48 -109 +102 +37 +93 +63 +118 -38 +41 -57 -95 -83 +33 -108 +89 +58 -82 +22 +43 -91 -121 +49 +84 +66 +51 -55 +65 +71 -92 +77 +119 +44 -76 -46 -80 +105 -116 -98 +59 -78 +113 -100 -23 +81 +61 +104 -24 -94 -26 +103 +36 +67 -79 -29 -19 -47 +52 +73 +32 -68 +70 -39 +25 +28 -85 +114 +27 -96 -50 +99 -115 +34 +74 +87 +60 +20 +120 +72 -90 -88 +53 -64 +42 +106 -69 +35 +45 +62 -110 -123 -125 -54 -30 -111 +86 -21 +75 -107 +101 -126 -40 -56 +112
+1 +2 +3 +4 +5 +6 +7 +8 +9 +10 +11 +12 +13 +14 +15 +16 +17 +18 +19 +29 +79 -67 -36 -103 +26 +94 +24 -104 -61 -81 +23 +100 -113 +78 -59 +98 +116 -105 +80 +46 +76 -44 -119 -77 +92 -71 -65 +55 -51 -66 -84 -49 +121 +91 -43 -22 +82 -58 -89 +108 -33 +83 +95 +57 -41 +38 -118 -63 -93 -37 -102 +109 +48 -97 -122 -124 -117 +31 -47 +52 +73 +32 -68 +70 -39 +25 +28 -85 +114 +27 -96 -50 +99 -115 +34 +74 +87 +60 +20 +120 +72 -90 -88 +53 -64 +42 +106 -69 +35 +45 +62 -110 -123 -125 -54 -30 -111 +86 -21 +75 -107 +101 -126 -40 -56 +112
+1 +2 +3 +4 +5 +6 +7 +8 +9 +10 +11 +12 +13 +14 +15 +16 +17 +18 +19 -20 -60 -87 -74 -34 +115 -99 +50 +96 -27 -114 +85 -28 -25 +39 -70 +68 -32 -73 -52 +47 -31 +117 +124 +122 +97 -48 -109 +102 +37 +93 +63 +118 -38 +41 -57 -95 -83 +33 -108 +89 +58 -82 +22 +43 -91 -121 +49 +84 +66 +51 -55 +65 +71 -92 +77 +119 +44 -76 -46 -80 +105 -116 -98 +59 -78 +113 -100 -23 +81 +61 +104 -24 -94 -26 +103 +36 +67 -79 -29 +120 +72 -90 -88 +53 -64 +42 +106 -69 +35 +45 +62 -110 -123 -125 -54 -30 -111 +86 -21 +75 -107 +101 -126 -40 -56 +112
+1 +2 +3 +4 +5 +6 +7 +8 +9 +10 +11 +12 +13 +14 +15 +16 +17 +18 +19 +20 -60 -87 -74 -34 +115 -99 +50 +96 -27 -114 +85 -28 -25 +39 -70 +68 -32 -73 -52 +47 -31 +117 +124 +122 +97 -48 -109 +102 +37 +93 +63 +118 -38 +41 -57 -95 -83 +33 -108 +89 +58 -82 +22 +43 -91 -121 +49 +84 +66 +51 -55 +65 +71 -92 +77 +119 +44 -76 -46 -80 +105 -116 -98 +59 -78 +113 -100 -23 +81 +61 +104 -24 -94 -26 +103 +36 +67 -79 -29 +120 +72 -90 -88 +53 -64 +42 +106 -69 +35 +45 +62 -110 -123 -125 -54 -30 -111 +86 -21 +75 -107 +101 -126 -40 -56 +112
+1 +2 +3 +4 +5 +6 +7 +8 +9 +10 +11 +12 +13 +14 +15 +16 +17 +18 +19 +20 +21 -86 +111 +30 +54 +125 +123 +110 -62 -45 -35 +69 -106 -42 +64 -53 +88 +90 -72 -120 +29 +79 -67 -36 -103 +26 +94 +24 -104 -61 -81 +23 +100 -113 +78 -59 +98 +116 -105 +80 +46 +76 -44 -119 -77 +92 -71 -65 +55 -51 -66 -84 -49 +121 +91 -43 -22 +82 -58 -89 +108 -33 +83 +95 +57 -41 +38 -118 -63 -93 -37 -102 +109 +48 -97 -122 -124 -117 +31 -47 +52 +73 +32 -68 +70 -39 +25 +28 -85 +114 +27 -96 -50 +99 -115 +34 +74 +87 +60 +75 -107 +101 -126 -40 -56 +112
+1 +2 +3 +4 +5 +6 +7 +8 +9 +10 +11 +12 +13 +14 +15 +16 +17 +18 +19 +20 +21 +22 +43 -91 -121 +49 +84 +66 +51 -55 +65 +71 -92 +77 +119 +44 -76 -46 -80 +105 -116 -98 +59 -78 +113 -100 -23 +81 +61 +104 -24 -94 -26 +103 +36 +67 -79 -29 +120 +72 -90 -88 +53 -64 +42 +106 -69 +35 +45 +62 -110 -123 -125 -54 -30 -111 +86 +82 -58 -89 +108 -33 +83 +95 +57 -41 +38 -118 -63 -93 -37 -102 +109 +48 -97 -122 -124 -117 +31 -47 +52 +73 +32 -68 +70 -39 +25 +28 -85 +114 +27 -96 -50 +99 -115 +34 +74 +87 +60 +75 -107 +101 -126 -40 -56 +112
+1 +2 +3 +4 +5 +6 +7 +8 +9 +10 +11 +12 +13 +14 +15 +16 +17 +18 +19 +20 +21 +22 +23 +100 -113 +78 -59 +98 +116 -105 +80 +46 +76 -44 -119 -77 +92 -71 -65 +55 -51 -66 -84 -49 +121 +91 -43 +81 +61 +104 -24 -94 -26 +103 +36 +67 -79 -29 +120 +72 -90 -88 +53 -64 +42 +106 -69 +35 +45 +62 -110 -123 -125 -54 -30 -111 +86 +82 -58 -89 +108 -33 +83 +95 +57 -41 +38 -118 -63 -93 -37 -102 +109 +48 -97 -122 -124 -117 +31 -47 +52 +73 +32 -68 +70 -39 +25 +28 -85 +114 +27 -96 -50 +99 -115 +34 +74 +87 +60 +75 -107 +101 -126 -40 -56 +112
+1 +2 +3 +4 +5 +6 +7 +8 +9 +10 +11 +12 +13 +14 +15 +16 +17 +18 +19 +20 +21 +22 +23 +24 -104 -61 -81 +43 -91 -121 +49 +84 +66 +51 -55 +65 +71 -92 +77 +119 +44 -76 -46 -80 +105 -116 -98 +59 -78 +113 -100 -94 -26 +103 +36 +67 -79 -29 +120 +72 -90 -88 +53 -64 +42 +106 -69 +35 +45 +62 -110 -123 -125 -54 -30 -111 +86 +82 -58 -89 +108 -33 +83 +95 +57 -41 +38 -118 -63 -93 -37 -102 +109 +48 -97 -122 -124 -117 +31 -47 +52 +73 +32 -68 +70 -39 +25 +28 -85 +114 +27 -96 -50 +99 -115 +34 +74 +87 +60 +75 -107 +101 -126 -40 -56 +112
+1 +2 +3 +4 +5 +6 +7 +8 +9 +10 +11 +12 +13 +14 +15 +16 +17 +18 +19 +20 +21 +22 +23 +24 -25 +39 -70 +68 -32 -73 -52 +47 -31 +117 +124 +122 +97 -48 -109 +102 +37 +93 +63 +118 -38 +41 -57 -95 -83 +33 -108 +89 +58 -82 -86 +111 +30 +54 +125 +123 +110 -62 -45 -35 +69 -106 -42 +64 -53 +88 +90 -72 -120 +29 +79 -67 -36 -103 +26 +94 +100 -113 +78 -59 +98 +116 -105 +80 +46 +76 -44 -119 -77 +92 -71 -65 +55 -51 -66 -84 -49 +121 +91 -43 +81 +61 +104 +28 -85 +114 +27 -96 -50 +99 -115 +34 +74 +87 +60 +75 -107 +101 -126 -40 -56 +112
+1 +2 +3 +4 +5 +6 +7 +8 +9 +10 +11 +12 +13 +14 +15 +16 +17 +18 +19 +20 +21 +22 +23 +24 +25 +39 -70 +68 -32 -73 -52 +47 -31 +117 +124 +122 +97 -48 -109 +102 +37 +93 +63 +118 -38 +41 -57 -95 -83 +33 -108 +89 +58 -82 -86 +111 +30 +54 +125 +123 +110 -62 -45 -35 +69 -106 -42 +64 -53 +88 +90 -72 -120 +29 +79 -67 -36 -103 +26 +94 +100 -113 +78 -59 +98 +116 -105 +80 +46 +76 -44 -119 -77 +92 -71 -65 +55 -51 -66 -84 -49 +121 +91 -43 +81 +61 +104 +28 -85 +114 +27 -96 -50 +99 -115 +34 +74 +87 +60 +75 -107 +101 -126 -40 -56 +112
+1 +2 +3 +4 +5 +6 +7 +8 +9 +10 +11 +12 +13 +14 +15 +16 +17 +18 +19 +20 +21 +22 +23 +24 +25 -26 +103 +36 +67 -79 -29 +120 +72 -90 -88 +53 -64 +42 +106 -69 +35 +45 +62 -110 -123 -125 -54 -30 -111 +86 +82 -58 -89 +108 -33 +83 +95 +57 -41 +38 -118 -63 -93 -37 -102 +109 +48 -97 -122 -124 -117 +31 -47 +52 +73 +32 -68 +70 -39 +94 +100 -113 +78 -59 +98 +116 -105 +80 +46 +76 -44 -119 -77 +92 -71 -65 +55 -51 -66 -84 -49 +121 +91 -43 +81 +61 +104 +28 -85 +114 +27 -96 -50 +99 -115 +34 +74 +87 +60 +75 -107 +101 -126 -40 -56 +112
+1 +2 +3 +4 +5 +6 +7 +8 +9 +10 +11 +12 +13 +14 +15 +16 +17 +18 +19 +20 +21 +22 +23 +24 +25 +26 +103 +36 +67 -79 -29 +120 +72 -90 -88 +53 -64 +42 +106 -69 +35 +45 +62 -110 -123 -125 -54 -30 -111 +86 +82 -58 -89 +108 -33 +83 +95 +57 -41 +38 -118 -63 -93 -37 -102 +109 +48 -97 -122 -124 -117 +31 -47 +52 +73 +32 -68 +70 -39 +94 +100 -113 +78 -59 +98 +116 -105 +80 +46 +76 -44 -119 -77 +92 -71 -65 +55 -51 -66 -84 -49 +121 +91 -43 +81 +61 +104 +28 -85 +114 +27 -96 -50 +99 -115 +34 +74 +87 +60 +75 -107 +101 -126 -40 -56 +112
+1 +2 +3 +4 +5 +6 +7 +8 +9 +10 +11 +12 +13 +14 +15 +16 +17 +18 +19 +20 +21 +22 +23 +24 +25 +26 -27 -114 +85 -28 -104 -61 -81 +43 -91 -121 +49 +84 +66 +51 -55 +65 +71 -92 +77 +119 +44 -76 -46 -80 +105 -116 -98 +59 -78 +113 -100 -94 +39 -70 +68 -32 -73 -52 +47 -31 +117 +124 +122 +97 -48 -109 +102 +37 +93 +63 +118 -38 +41 -57 -95 -83 +33 -108 +89 +58 -82 -86 +111 +30 +54 +125 +123 +110 -62 -45 -35 +69 -106 -42 +64 -53 +88 +90 -72 -120 +29 +79 -67 -36 -103 -96 -50 +99 -115 +34 +74 +87 +60 +75 -107 +101 -126 -40 -56 +112
+1 +2 +3 +4 +5 +6 +7 +8 +9 +10 +11 +12 +13 +14 +15 +16 +17 +18 +19 +20 +21 +22 +23 +24 +25 +26 +27 -114 +85 -28 -104 -61 -81 +43 -91 -121 +49 +84 +66 +51 -55 +65 +71 -92 +77 +119 +44 -76 -46 -80 +105 -116 -98 +59 -78 +113 -100 -94 +39 -70 +68 -32 -73 -52 +47 -31 +117 +124 +122 +97 -48 -109 +102 +37 +93 +63 +118 -38 +41 -57 -95 -83 +33 -108 +89 +58 -82 -86 +111 +30 +54 +125 +123 +110 -62 -45 -35 +69 -106 -42 +64 -53 +88 +90 -72 -120 +29 +79 -67 -36 -103 -96 -50 +99 -115 +34 +74 +87 +60 +75 -107 +101 -126 -40 -56 +112
+1 +2 +3 +4 +5 +6 +7 +8 +9 +10 +11 +12 +13 +14 +15 +16 +17 +18 +19 +20 +21 +22 +23 +24 +25 +26 +27 +28 -85 +114 -104 -61 -81 +43 -91 -121 +49 +84 +66 +51 -55 +65 +71 -92 +77 +119 +44 -76 -46 -80 +105 -116 -98 +59 -78 +113 -100 -94 +39 -70 +68 -32 -73 -52 +47 -31 +117 +124 +122 +97 -48 -109 +102 +37 +93 +63 +118 -38 +41 -57 -95 -83 +33 -108 +89 +58 -82 -86 +111 +30 +54 +125 +123 +110 -62 -45 -35 +69 -106 -42 +64 -53 +88 +90 -72 -120 +29 +79 -67 -36 -103 -96 -50 +99 -115 +34 +74 +87 +60 +75 -107 +101 -126 -40 -56 +112
+1 +2 +3 +4 +5 +6 +7 +8 +9 +10 +11 +12 +13 +14 +15 +16 +17 +18 +19 +20 +21 +22 +23 +24 +25 +26 +27 +28 -29 +120 +72 -90 -88 +53 -64 +42 +106 -69 +35 +45 +62 -110 -123 -125 -54 -30 -111 +86 +82 -58 -89 +108 -33 +83 +95 +57 -41 +38 -118 -63 -93 -37 -102 +109 +48 -97 -122 -124 -117 +31 -47 +52 +73 +32 -68 +70 -39 +94 +100 -113 +78 -59 +98 +116 -105 +80 +46 +76 -44 -119 -77 +92 -71 -65 +55 -51 -66 -84 -49 +121 +91 -43 +81 +61 +104 -114 +85 +79 -67 -36 -103 -96 -50 +99 -115 +34 +74 +87 +60 +75 -107 +101 -126 -40 -56 +112
+1 +2 +3 +4 +5 +6 +7 +8 +9 +10 +11 +12 +13 +14 +15 +16 +17 +18 +19 +20 +21 +22 +23 +24 +25 +26 +27 +28 +29 +120 +72 -90 -88 +53 -64 +42 +106 -69 +35 +45 +62 -110 -123 -125 -54 -30 -111 +86 +82 -58 -89 +108 -33 +83 +95 +57 -41 +38 -118 -63 -93 -37 -102 +109 +48 -97 -122 -124 -117 +31 -47 +52 +73 +32 -68 +70 -39 +94 +100 -113 +78 -59 +98 +116 -105 +80 +46 +76 -44 -119 -77 +92 -71 -65 +55 -51 -66 -84 -49 +121 +91 -43 +81 +61 +104 -114 +85 +79 -67 -36 -103 -96 -50 +99 -115 +34 +74 +87 +60 +75 -107 +101 -126 -40 -56 +112
+1 +2 +3 +4 +5 +6 +7 +8 +9 +10 +11 +12 +13 +14 +15 +16 +17 +18 +19 +20 +21 +22 +23 +24 +25 +26 +27 +28 +29 +30 +54 +125 +123 +110 -62 -45 -35 +69 -106 -42 +64 -53 +88 +90 -72 -120 -111 +86 +82 -58 -89 +108 -33 +83 +95 +57 -41 +38 -118 -63 -93 -37 -102 +109 +48 -97 -122 -124 -117 +31 -47 +52 +73 +32 -68 +70 -39 +94 +100 -113 +78 -59 +98 +116 -105 +80 +46 +76 -44 -119 -77 +92 -71 -65 +55 -51 -66 -84 -49 +121 +91 -43 +81 +61 +104 -114 +85 +79 -67 -36 -103 -96 -50 +99 -115 +34 +74 +87 +60 +75 -107 +101 -126 -40 -56 +112
+1 +2 +3 +4 +5 +6 +7 +8 +9 +10 +11 +12 +13 +14 +15 +16 +17 +18 +19 +20 +21 +22 +23 +24 +25 +26 +27 +28 +29 +30 -31 +117 +124 +122 +97 -48 -109 +102 +37 +93 +63 +118 -38 +41 -57 -95 -83 +33 -108 +89 +58 -82 -86 +111 +120 +72 -90 -88 +53 -64 +42 +106 -69 +35 +45 +62 -110 -123 -125 -54 -47 +52 +73 +32 -68 +70 -39 +94 +100 -113 +78 -59 +98 +116 -105 +80 +46 +76 -44 -119 -77 +92 -71 -65 +55 -51 -66 -84 -49 +121 +91 -43 +81 +61 +104 -114 +85 +79 -67 -36 -103 -96 -50 +99 -115 +34 +74 +87 +60 +75 -107 +101 -126 -40 -56 +112
+1 +2 +3 +4 +5 +6 +7 +8 +9 +10 +11 +12 +13 +14 +15 +16 +17 +18 +19 +20 +21 +22 +23 +24 +25 +26 +27 +28 +29 +30 +31 +117 +124 +122 +97 -48 -109 +102 +37 +93 +63 +118 -38 +41 -57 -95 -83 +33 -108 +89 +58 -82 -86 +111 +120 +72 -90 -88 +53 -64 +42 +106 -69 +35 +45 +62 -110 -123 -125 -54 -47 +52 +73 +32 -68 +70 -39 +94 +100 -113 +78 -59 +98 +116 -105 +80 +46 +76 -44 -119 -77 +92 -71 -65 +55 -51 -66 -84 -49 +121 +91 -43 +81 +61 +104 -114 +85 +79 -67 -36 -103 -96 -50 +99 -115 +34 +74 +87 +60 +75 -107 +101 -126 -40 -56 +112
+1 +2 +3 +4 +5 +6 +7 +8 +9 +10 +11 +12 +13 +14 +15 +16 +17 +18 +19 +20 +21 +22 +23 +24 +25 +26 +27 +28 +29 +30 +31 -32 -73 -52 +47 +54 +125 +123 +110 -62 -45 -35 +69 -106 -42 +64 -53 +88 +90 -72 -120 -111 +86 +82 -58 -89 +108 -33 +83 +95 +57 -41 +38 -118 -63 -93 -37 -102 +109 +48 -97 -122 -124 -117 -68 +70 -39 +94 +100 -113 +78 -59 +98 +116 -105 +80 +46 +76 -44 -119 -77 +92 -71 -65 +55 -51 -66 -84 -49 +121 +91 -43 +81 +61 +104 -114 +85 +79 -67 -36 -103 -96 -50 +99 -115 +34 +74 +87 +60 +75 -107 +101 -126 -40 -56 +112
+1 +2 +3 +4 +5 +6 +7 +8 +9 +10 +11 +12 +13 +14 +15 +16 +17 +18 +19 +20 +21 +22 +23 +24 +25 +26 +27 +28 +29 +30 +31 +32 -73 -52 +47 +54 +125 +123 +110 -62 -45 -35 +69 -106 -42 +64 -53 +88 +90 -72 -120 -111 +86 +82 -58 -89 +108 -33 +83 +95 +57 -41 +38 -118 -63 -93 -37 -102 +109 +48 -97 -122 -124 -117 -68 +70 -39 +94 +100 -113 +78 -59 +98 +116 -105 +80 +46 +76 -44 -119 -77 +92 -71 -65 +55 -51 -66 -84 -49 +121 +91 -43 +81 +61 +104 -114 +85 +79 -67 -36 -103 -96 -50 +99 -115 +34 +74 +87 +60 +75 -107 +101 -126 -40 -56 +112
+1 +2 +3 +4 +5 +6 +7 +8 +9 +10 +11 +12 +13 +14 +15 +16 +17 +18 +19 +20 +21 +22 +23 +24 +25 +26 +27 +28 +29 +30 +31 +32 +33 -108 +89 +58 -82 -86 +111 +120 +72 -90 -88 +53 -64 +42 +106 -69 +35 +45 +62 -110 -123 -125 -54 -47 +52 +73 +83 +95 +57 -41 +38 -118 -63 -93 -37 -102 +109 +48 -97 -122 -124 -117 -68 +70 -39 +94 +100 -113 +78 -59 +98 +116 -105 +80 +46 +76 -44 -119 -77 +92 -71 -65 +55 -51 -66 -84 -49 +121 +91 -43 +81 +61 +104 -114 +85 +79 -67 -36 -103 -96 -50 +99 -115 +34 +74 +87 +60 +75 -107 +101 -126 -40 -56 +112
+1 +2 +3 +4 +5 +6 +7 +8 +9 +10 +11 +12 +13 +14 +15 +16 +17 +18 +19 +20 +21 +22 +23 +24 +25 +26 +27 +28 +29 +30 +31 +32 +33 -34 +115 -99 +50 +96 +103 +36 +67 -79 -85 +114 -104 -61 -81 +43 -91 -121 +49 +84 +66 +51 -55 +65 +71 -92 +77 +119 +44 -76 -46 -80 +105 -116 -98 +59 -78 +113 -100 -94 +39 -70 +68 +117 +124 +122 +97 -48 -109 +102 +37 +93 +63 +118 -38 +41 -57 -95 -83 -73 -52 +47 +54 +125 +123 +110 -62 -45 -35 +69 -106 -42 +64 -53 +88 +90 -72 -120 -111 +86 +82 -58 -89 +108 +74 +87 +60 +75 -107 +101 -126 -40 -56 +112
+1 +2 +3 +4 +5 +6 +7 +8 +9 +10 +11 +12 +13 +14 +15 +16 +17 +18 +19 +20 +21 +22 +23 +24 +25 +26 +27 +28 +29 +30 +31 +32 +33 +34 +115 -99 +50 +96 +103 +36 +67 -79 -85 +114 -104 -61 -81 +43 -91 -121 +49 +84 +66 +51 -55 +65 +71 -92 +77 +119 +44 -76 -46 -80 +105 -116 -98 +59 -78 +113 -100 -94 +39 -70 +68 +117 +124 +122 +97 -48 -109 +102 +37 +93 +63 +118 -38 +41 -57 -95 -83 -73 -52 +47 +54 +125 +123 +110 -62 -45 -35 +69 -106 -42 +64 -53 +88 +90 -72 -120 -111 +86 +82 -58 -89 +108 +74 +87 +60 +75 -107 +101 -126 -40 -56 +112
+1 +2 +3 +4 +5 +6 +7 +8 +9 +10 +11 +12 +13 +14 +15 +16 +17 +18 +19 +20 +21 +22 +23 +24 +25 +26 +27 +28 +29 +30 +31 +32 +33 +34 +35 +45 +62 -110 -123 -125 -54 -47 +52 +73 +83 +95 +57 -41 +38 -118 -63 -93 -37 -102 +109 +48 -97 -122 -124 -117 -68 +70 -39 +94 +100 -113 +78 -59 +98 +116 -105 +80 +46 +76 -44 -119 -77 +92 -71 -65 +55 -51 -66 -84 -49 +121 +91 -43 +81 +61 +104 -114 +85 +79 -67 -36 -103 -96 -50 +99 -115 +69 -106 -42 +64 -53 +88 +90 -72 -120 -111 +86 +82 -58 -89 +108 +74 +87 +60 +75 -107 +101 -126 -40 -56 +112
+1 +2 +3 +4 +5 +6 +7 +8 +9 +10 +11 +12 +13 +14 +15 +16 +17 +18 +19 +20 +21 +22 +23 +24 +25 +26 +27 +28 +29 +30 +31 +32 +33 +34 +35 +36 +67 -79 -85 +114 -104 -61 -81 +43 -91 -121 +49 +84 +66 +51 -55 +65 +71 -92 +77 +119 +44 -76 -46 -80 +105 -116 -98 +59 -78 +113 -100 -94 +39 -70 +68 +117 +124 +122 +97 -48 -109 +102 +37 +93 +63 +118 -38 +41 -57 -95 -83 -73 -52 +47 +54 +125 +123 +110 -62 -45 -103 -96 -50 +99 -115 +69 -106 -42 +64 -53 +88 +90 -72 -120 -111 +86 +82 -58 -89 +108 +74 +87 +60 +75 -107 +101 -126 -40 -56 +112
+1 +2 +3 +4 +5 +6 +7 +8 +9 +10 +11 +12 +13 +14 +15 +16 +17 +18 +19 +20 +21 +22 +23 +24 +25 +26 +27 +28 +29 +30 +31 +32 +33 +34 +35 +36 -37 -102 +109 +48 -97 -122 -124 -117 -68 +70 -39 +94 +100 -113 +78 -59 +98 +116 -105 +80 +46 +76 -44 -119 -77 +92 -71 -65 +55 -51 -66 -84 -49 +121 +91 -43 +81 +61 +104 -114 +85 +79 -67 +93 +63 +118 -38 +41 -57 -95 -83 -73 -52 +47 +54 +125 +123 +110 -62 -45 -103 -96 -50 +99 -115 +69 -106 -42 +64 -53 +88 +90 -72 -120 -111 +86 +82 -58 -89 +108 +74 +87 +60 +75 -107 +101 -126 -40 -56 +112
+1 +2 +3 +4 +5 +6 +7 +8 +9 +10 +11 +12 +13 +14 +15 +16 +17 +18 +19 +20 +21 +22 +23 +24 +25 +26 +27 +28 +29 +30 +31 +32 +33 +34 +35 +36 +37 -102 +109 +48 -97 -122 -124 -117 -68 +70 -39 +94 +100 -113 +78 -59 +98 +116 -105 +80 +46 +76 -44 -119 -77 +92 -71 -65 +55 -51 -66 -84 -49 +121 +91 -43 +81 +61 +104 -114 +85 +79 -67 +93 +63 +118 -38 +41 -57 -95 -83 -73 -52 +47 +54 +125 +123 +110 -62 -45 -103 -96 -50 +99 -115 +69 -106 -42 +64 -53 +88 +90 -72 -120 -111 +86 +82 -58 -89 +108 +74 +87 +60 +75 -107 +101 -126 -40 -56 +112
+1 +2 +3 +4 +5 +6 +7 +8 +9 +10 +11 +12 +13 +14 +15 +16 +17 +18 +19 +20 +21 +22 +23 +24 +25 +26 +27 +28 +29 +30 +31 +32 +33 +34 +35 +36 +37 +38 -118 -63 -93 +67 -79 -85 +114 -104 -61 -81 +43 -91 -121 +49 +84 +66 +51 -55 +65 +71 -92 +77 +119 +44 -76 -46 -80 +105 -116 -98 +59 -78 +113 -100 -94 +39 -70 +68 +117 +124 +122 +97 -48 -109 +102 +41 -57 -95 -83 -73 -52 +47 +54 +125 +123 +110 -62 -45 -103 -96 -50 +99 -115 +69 -106 -42 +64 -53 +88 +90 -72 -120 -111 +86 +82 -58 -89 +108 +74 +87 +60 +75 -107 +101 -126 -40 -56 +112
+1 +2 +3 +4 +5 +6 +7 +8 +9 +10 +11 +12 +13 +14 +15 +16 +17 +18 +19 +20 +21 +22 +23 +24 +25 +26 +27 +28 +29 +30 +31 +32 +33 +34 +35 +36 +37 +38 -39 +94 +100 -113 +78 -59 +98 +116 -105 +80 +46 +76 -44 -119 -77 +92 -71 -65 +55 -51 -66 -84 -49 +121 +91 -43 +81 +61 +104 -114 +85 +79 -67 +93 +63 +118 -70 +68 +117 +124 +122 +97 -48 -109 +102 +41 -57 -95 -83 -73 -52 +47 +54 +125 +123 +110 -62 -45 -103 -96 -50 +99 -115 +69 -106 -42 +64 -53 +88 +90 -72 -120 -111 +86 +82 -58 -89 +108 +74 +87 +60 +75 -107 +101 -126 -40 -56 +112
+1 +2 +3 +4 +5 +6 +7 +8 +9 +10 +11 +12 +13 +14 +15 +16 +17 +18 +19 +20 +21 +22 +23 +24 +25 +26 +27 +28 +29 +30 +31 +32 +33 +34 +35 +36 +37 +38 +39 +94 +100 -113 +78 -59 +98 +116 -105 +80 +46 +76 -44 -119 -77 +92 -71 -65 +55 -51 -66 -84 -49 +121 +91 -43 +81 +61 +104 -114 +85 +79 -67 +93 +63 +118 -70 +68 +117 +124 +122 +97 -48 -109 +102 +41 -57 -95 -83 -73 -52 +47 +54 +125 +123 +110 -62 -45 -103 -96 -50 +99 -115 +69 -106 -42 +64 -53 +88 +90 -72 -120 -111 +86 +82 -58 -89 +108 +74 +87 +60 +75 -107 +101 -126 -40 -56 +112
+1 +2 +3 +4 +5 +6 +7 +8 +9 +10 +11 +12 +13 +14 +15 +16 +17 +18 +19 +20 +21 +22 +23 +24 +25 +26 +27 +28 +29 +30 +31 +32 +33 +34 +35 +36 +37 +38 +39 +40 +126 -101 +107 -75 -60 -87 -74 -108 +89 +58 -82 -86 +111 +120 +72 -90 -88 +53 -64 +42 +106 -69 +115 -99 +50 +96 +103 +45 +62 -110 -123 -125 -54 -47 +52 +73 +83 +95 +57 -41 -102 +109 +48 -97 -122 -124 -117 -68 +70 -118 -63 -93 +67 -79 -85 +114 -104 -61 -81 +43 -91 -121 +49 +84 +66 +51 -55 +65 +71 -92 +77 +119 +44 -76 -46 -80 +105 -116 -98 +59 -78 +113 -100 -94 -56 +112
+1 +2 +3 +4 +5 +6 +7 +8 +9 +10 +11 +12 +13 +14 +15 +16 +17 +18 +19 +20 +21 +22 +23 +24 +25 +26 +27 +28 +29 +30 +31 +32 +33 +34 +35 +36 +37 +38 +39 +40 +41 -57 -95 -83 -73 -52 +47 +54 +125 +123 +110 -62 -45 -103 -96 -50 +99 -115 +69 -106 -42 +64 -53 +88 +90 -72 -120 -111 +86 +82 -58 -89 +108 +74 +87 +60 +75 -107 +101 -126 -102 +109 +48 -97 -122 -124 -117 -68 +70 -118 -63 -93 +67 -79 -85 +114 -104 -61 -81 +43 -91 -121 +49 +84 +66 +51 -55 +65 +71 -92 +77 +119 +44 -76 -46 -80 +105 -116 -98 +59 -78 +113 -100 -94 -56 +112
+1 +2 +3 +4 +5 +6 +7 +8 +9 +10 +11 +12 +13 +14 +15 +16 +17 +18 +19 +20 +21 +22 +23 +24 +25 +26 +27 +28 +29 +30 +31 +32 +33 +34 +35 +36 +37 +38 +39 +40 +41 +42 +106 -69 +115 -99 +50 +96 +103 +45 +62 -110 -123 -125 -54 -47 +52 +73 +83 +95 +57 +64 -53 +88 +90 -72 -120 -111 +86 +82 -58 -89 +108 +74 +87 +60 +75 -107 +101 -126 -102 +109 +48 -97 -122 -124 -117 -68 +70 -118 -63 -93 +67 -79 -85 +114 -104 -61 -81 +43 -91 -121 +49 +84 +66 +51 -55 +65 +71 -92 +77 +119 +44 -76 -46 -80 +105 -116 -98 +59 -78 +113 -100 -94 -56 +112
+1 +2 +3 +4 +5 +6 +7 +8 +9 +10 +11 +12 +13 +14 +15 +16 +17 +18 +19 +20 +21 +22 +23 +24 +25 +26 +27 +28 +29 +30 +31 +32 +33 +34 +35 +36 +37 +38 +39 +40 +41 +42 -43 +81 +61 +104 -114 +85 +79 -67 +93 +63 +118 -70 +68 +117 +124 +122 +97 -48 -109 +102 +126 -101 +107 -75 -60 -87 -74 -108 +89 +58 -82 -86 +111 +120 +72 -90 -88 +53 -64 -57 -95 -83 -73 -52 +47 +54 +125 +123 +110 -62 -45 -103 -96 -50 +99 -115 +69 -106 -91 -121 +49 +84 +66 +51 -55 +65 +71 -92 +77 +119 +44 -76 -46 -80 +105 -116 -98 +59 -78 +113 -100 -94 -56 +112
+1 +2 +3 +4 +5 +6 +7 +8 +9 +10 +11 +12 +13 +14 +15 +16 +17 +18 +19 +20 +21 +22 +23 +24 +25 +26 +27 +28 +29 +30 +31 +32 +33 +34 +35 +36 +37 +38 +39 +40 +41 +42 +43 +81 +61 +104 -114 +85 +79 -67 +93 +63 +118 -70 +68 +117 +124 +122 +97 -48 -109 +102 +126 -101 +107 -75 -60 -87 -74 -108 +89 +58 -82 -86 +111 +120 +72 -90 -88 +53 -64 -57 -95 -83 -73 -52 +47 +54 +125 +123 +110 -62 -45 -103 -96 -50 +99 -115 +69 -106 -91 -121 +49 +84 +66 +51 -55 +65 +71 -92 +77 +119 +44 -76 -46 -80 +105 -116 -98 +59 -78 +113 -100 -94 -56 +112
+1 +2 +3 +4 +5 +6 +7 +8 +9 +10 +11 +12 +13 +14 +15 +16 +17 +18 +19 +20 +21 +22 +23 +24 +25 +26 +27 +28 +29 +30 +31 +32 +33 +34 +35 +36 +37 +38 +39 +40 +41 +42 +43 -44 -119 -77 +92 -71 -65 +55 -51 -66 -84 -49 +121 +91 +106 -69 +115 -99 +50 +96 +103 +45 +62 -110 -123 -125 -54 -47 +52 +73 +83 +95 +57 +64 -53 +88 +90 -72 -120 -111 +86 +82 -58 -89 +108 +74 +87 +60 +75 -107 +101 -126 -102 +109 +48 -97 -122 -124 -117 -68 +70 -118 -63 -93 +67 -79 -85 +114 -104 -61 -81 -76 -46 -80 +105 -116 -98 +59 -78 +113 -100 -94 -56 +112
+1 +2 +3 +4 +5 +6 +7 +8 +9 +10 +11 +12 +13 +14 +15 +16 +17 +18 +19 +20 +21 +22 +23 +24 +25 +26 +27 +28 +29 +30 +31 +32 +33 +34 +35 +36 +37 +38 +39 +40 +41 +42 +43 +44 -119 -77 +92 -71 -65 +55 -51 -66 -84 -49 +121 +91 +106 -69 +115 -99 +50 +96 +103 +45 +62 -110 -123 -125 -54 -47 +52 +73 +83 +95 +57 +64 -53 +88 +90 -72 -120 -111 +86 +82 -58 -89 +108 +74 +87 +60 +75 -107 +101 -126 -102 +109 +48 -97 -122 -124 -117 -68 +70 -118 -63 -93 +67 -79 -85 +114 -104 -61 -81 -76 -46 -80 +105 -116 -98 +59 -78 +113 -100 -94 -56 +112
+1 +2 +3 +4 +5 +6 +7 +8 +9 +10 +11 +12 +13 +14 +15 +16 +17 +18 +19 +20 +21 +22 +23 +24 +25 +26 +27 +28 +29 +30 +31 +32 +33 +34 +35 +36 +37 +38 +39 +40 +41 +42 +43 +44 -45 -103 -96 -50 +99 -115 +69 -106 -91 -121 +49 +84 +66 +51 -55 +65 +71 -92 +77 +119 +62 -110 -123 -125 -54 -47 +52 +73 +83 +95 +57 +64 -53 +88 +90 -72 -120 -111 +86 +82 -58 -89 +108 +74 +87 +60 +75 -107 +101 -126 -102 +109 +48 -97 -122 -124 -117 -68 +70 -118 -63 -93 +67 -79 -85 +114 -104 -61 -81 -76 -46 -80 +105 -116 -98 +59 -78 +113 -100 -94 -56 +112
+1 +2 +3 +4 +5 +6 +7 +8 +9 +10 +11 +12 +13 +14 +15 +16 +17 +18 +19 +20 +21 +22 +23 +24 +25 +26 +27 +28 +29 +30 +31 +32 +33 +34 +35 +36 +37 +38 +39 +40 +41 +42 +43 +44 +45 -103 -96 -50 +99 -115 +69 -106 -91 -121 +49 +84 +66 +51 -55 +65 +71 -92 +77 +119 +62 -110 -123 -125 -54 -47 +52 +73 +83 +95 +57 +64 -53 +88 +90 -72 -120 -111 +86 +82 -58 -89 +108 +74 +87 +60 +75 -107 +101 -126 -102 +109 +48 -97 -122 -124 -117 -68 +70 -118 -63 -93 +67 -79 -85 +114 -104 -61 -81 -76 -46 -80 +105 -116 -98 +59 -78 +113 -100 -94 -56 +112
+1 +2 +3 +4 +5 +6 +7 +8 +9 +10 +11 +12 +13 +14 +15 +16 +17 +18 +19 +20 +21 +22 +23 +24 +25 +26 +27 +28 +29 +30 +31 +32 +33 +34 +35 +36 +37 +38 +39 +40 +41 +42 +43 +44 +45 +46 +76 +81 +61 +104 -114 +85 +79 -67 +93 +63 +118 -70 +68 +117 +124 +122 +97 -48 -109 +102 +126 -101 +107 -75 -60 -87 -74 -108 +89 +58 -82 -86 +111 +120 +72 -90 -88 +53 -64 -57 -95 -83 -73 -52 +47 +54 +125 +123 +110 -62 -119 -77 +92 -71 -65 +55 -51 -66 -84 -49 +121 +91 +106 -69 +115 -99 +50 +96 +103 -80 +105 -116 -98 +59 -78 +113 -100 -94 -56 +112
+1 +2 +3 +4 +5 +6 +7 +8 +9 +10 +11 +12 +13 +14 +15 +16 +17 +18 +19 +20 +21 +22 +23 +24 +25 +26 +27 +28 +29 +30 +31 +32 +33 +34 +35 +36 +37 +38 +39 +40 +41 +42 +43 +44 +45 +46 -47 +52 +73 +83 +95 +57 +64 -53 +88 +90 -72 -120 -111 +86 +82 -58 -89 +108 +74 +87 +60 +75 -107 +101 -126 -102 +109 +48 -97 -122 -124 -117 -68 +70 -118 -63 -93 +67 -79 -85 +114 -104 -61 -81 -76 +54 +125 +123 +110 -62 -119 -77 +92 -71 -65 +55 -51 -66 -84 -49 +121 +91 +106 -69 +115 -99 +50 +96 +103 -80 +105 -116 -98 +59 -78 +113 -100 -94 -56 +112
+1 +2 +3 +4 +5 +6 +7 +8 +9 +10 +11 +12 +13 +14 +15 +16 +17 +18 +19 +20 +21 +22 +23 +24 +25 +26 +27 +28 +29 +30 +31 +32 +33 +34 +35 +36 +37 +38 +39 +40 +41 +42 +43 +44 +45 +46 +47 +52 +73 +83 +95 +57 +64 -53 +88 +90 -72 -120 -111 +86 +82 -58 -89 +108 +74 +87 +60 +75 -107 +101 -126 -102 +109 +48 -97 -122 -124 -117 -68 +70 -118 -63 -93 +67 -79 -85 +114 -104 -61 -81 -76 +54 +125 +123 +110 -62 -119 -77 +92 -71 -65 +55 -51 -66 -84 -49 +121 +91 +106 -69 +115 -99 +50 +96 +103 -80 +105 -116 -98 +59 -78 +113 -100 -94 -56 +112
+1 +2 +3 +4 +5 +6 +7 +8 +9 +10 +11 +12 +13 +14 +15 +16 +17 +18 +19 +20 +21 +22 +23 +24 +25 +26 +27 +28 +29 +30 +31 +32 +33 +34 +35 +36 +37 +38 +39 +40 +41 +42 +43 +44 +45 +46 +47 -48 -109 +102 +126 -101 +107 -75 -60 -87 -74 -108 +89 +58 -82 -86 +111 +120 +72 -90 -88 +53 -64 -57 -95 -83 -73 -52 -97 -122 -124 -117 -68 +70 -118 -63 -93 +67 -79 -85 +114 -104 -61 -81 -76 +54 +125 +123 +110 -62 -119 -77 +92 -71 -65 +55 -51 -66 -84 -49 +121 +91 +106 -69 +115 -99 +50 +96 +103 -80 +105 -116 -98 +59 -78 +113 -100 -94 -56 +112
+1 +2 +3 +4 +5 +6 +7 +8 +9 +10 +11 +12 +13 +14 +15 +16 +17 +18 +19 +20 +21 +22 +23 +24 +25 +26 +27 +28 +29 +30 +31 +32 +33 +34 +35 +36 +37 +38 +39 +40 +41 +42 +43 +44 +45 +46 +47 +48 -109 +102 +126 -101 +107 -75 -60 -87 -74 -108 +89 +58 -82 -86 +111 +120 +72 -90 -88 +53 -64 -57 -95 -83 -73 -52 -97 -122 -124 -117 -68 +70 -118 -63 -93 +67 -79 -85 +114 -104 -61 -81 -76 +54 +125 +123 +110 -62 -119 -77 +92 -71 -65 +55 -51 -66 -84 -49 +121 +91 +106 -69 +115 -99 +50 +96 +103 -80 +105 -116 -98 +59 -78 +113 -100 -94 -56 +112
+1 +2 +3 +4 +5 +6 +7 +8 +9 +10 +11 +12 +13 +14 +15 +16 +17 +18 +19 +20 +21 +22 +23 +24 +25 +26 +27 +28 +29 +30 +31 +32 +33 +34 +35 +36 +37 +38 +39 +40 +41 +42 +43 +44 +45 +46 +47 +48 +49 +84 +66 +51 -55 +65 +71 -92 +77 +119 +62 -110 -123 -125 -54 +76 +81 +61 +104 -114 +85 +79 -67 +93 +63 +118 -70 +68 +117 +124 +122 +97 +52 +73 +83 +95 +57 +64 -53 +88 +90 -72 -120 -111 +86 +82 -58 -89 +108 +74 +87 +60 +75 -107 +101 -126 -102 +109 +121 +91 +106 -69 +115 -99 +50 +96 +103 -80 +105 -116 -98 +59 -78 +113 -100 -94 -56 +112
+1 +2 +3 +4 +5 +6 +7 +8 +9 +10 +11 +12 +13 +14 +15 +16 +17 +18 +19 +20 +21 +22 +23 +24 +25 +26 +27 +28 +29 +30 +31 +32 +33 +34 +35 +36 +37 +38 +39 +40 +41 +42 +43 +44 +45 +46 +47 +48 +49 -50 +99 -115 +69 -106 -91 -121 -109 +102 +126 -101 +107 -75 -60 -87 -74 -108 +89 +58 -82 -86 +111 +120 +72 -90 -88 +53 -64 -57 -95 -83 -73 -52 -97 -122 -124 -117 -68 +70 -118 -63 -93 +67 -79 -85 +114 -104 -61 -81 -76 +54 +125 +123 +110 -62 -119 -77 +92 -71 -65 +55 -51 -66 -84 +96 +103 -80 +105 -116 -98 +59 -78 +113 -100 -94 -56 +112
+1 +2 +3 +4 +5 +6 +7 +8 +9 +10 +11 +12 +13 +14 +15 +16 +17 +18 +19 +20 +21 +22 +23 +24 +25 +26 +27 +28 +29 +30 +31 +32 +33 +34 +35 +36 +37 +38 +39 +40 +41 +42 +43 +44 +45 +46 +47 +48 +49 +50 +99 -115 +69 -106 -91 -121 -109 +102 +126 -101 +107 -75 -60 -87 -74 -108 +89 +58 -82 -86 +111 +120 +72 -90 -88 +53 -64 -57 -95 -83 -73 -52 -97 -122 -124 -117 -68 +70 -118 -63 -93 +67 -79 -85 +114 -104 -61 -81 -76 +54 +125 +123 +110 -62 -119 -77 +92 -71 -65 +55 -51 -66 -84 +96 +103 -80 +105 -116 -98 +59 -78 +113 -100 -94 -56 +112
+1 +2 +3 +4 +5 +6 +7 +8 +9 +10 +11 +12 +13 +14 +15 +16 +17 +18 +19 +20 +21 +22 +23 +24 +25 +26 +27 +28 +29 +30 +31 +32 +33 +34 +35 +36 +37 +38 +39 +40 +41 +42 +43 +44 +45 +46 +47 +48 +49 +50 +51 -55 +65 +71 -92 +77 +119 +62 -110 -123 -125 -54 +76 +81 +61 +104 -114 +85 +79 -67 +93 +63 +118 -70 +68 +117 +124 +122 +97 +52 +73 +83 +95 +57 +64 -53 +88 +90 -72 -120 -111 +86 +82 -58 -89 +108 +74 +87 +60 +75 -107 +101 -126 -102 +109 +121 +91 +106 -69 +115 -99 -66 -84 +96 +103 -80 +105 -116 -98 +59 -78 +113 -100 -94 -56 +112
+1 +2 +3 +4 +5 +6 +7 +8 +9 +10 +11 +12 +13 +14 +15 +16 +17 +18 +19 +20 +21 +22 +23 +24 +25 +26 +27 +28 +29 +30 +31 +32 +33 +34 +35 +36 +37 +38 +39 +40 +41 +42 +43 +44 +45 +46 +47 +48 +49 +50 +51 -52 -97 -122 -124 -117 -68 +70 -118 -63 -93 +67 -79 -85 +114 -104 -61 -81 -76 +54 +125 +123 +110 -62 -119 -77 +92 -71 -65 +55 +73 +83 +95 +57 +64 -53 +88 +90 -72 -120 -111 +86 +82 -58 -89 +108 +74 +87 +60 +75 -107 +101 -126 -102 +109 +121 +91 +106 -69 +115 -99 -66 -84 +96 +103 -80 +105 -116 -98 +59 -78 +113 -100 -94 -56 +112
+1 +2 +3 +4 +5 +6 +7 +8 +9 +10 +11 +12 +13 +14 +15 +16 +17 +18 +19 +20 +21 +22 +23 +24 +25 +26 +27 +28 +29 +30 +31 +32 +33 +34 +35 +36 +37 +38 +39 +40 +41 +42 +43 +44 +45 +46 +47 +48 +49 +50 +51 +52 -97 -122 -124 -117 -68 +70 -118 -63 -93 +67 -79 -85 +114 -104 -61 -81 -76 +54 +125 +123 +110 -62 -119 -77 +92 -71 -65 +55 +73 +83 +95 +57 +64 -53 +88 +90 -72 -120 -111 +86 +82 -58 -89 +108 +74 +87 +60 +75 -107 +101 -126 -102 +109 +121 +91 +106 -69 +115 -99 -66 -84 +96 +103 -80 +105 -116 -98 +59 -78 +113 -100 -94 -56 +112
+1 +2 +3 +4 +5 +6 +7 +8 +9 +10 +11 +12 +13 +14 +15 +16 +17 +18 +19 +20 +21 +22 +23 +24 +25 +26 +27 +28 +29 +30 +31 +32 +33 +34 +35 +36 +37 +38 +39 +40 +41 +42 +43 +44 +45 +46 +47 +48 +49 +50 +51 +52 +53 -64 -57 -95 -83 -73 -55 +65 +71 -92 +77 +119 +62 -110 -123 -125 -54 +76 +81 +61 +104 -114 +85 +79 -67 +93 +63 +118 -70 +68 +117 +124 +122 +97 +88 +90 -72 -120 -111 +86 +82 -58 -89 +108 +74 +87 +60 +75 -107 +101 -126 -102 +109 +121 +91 +106 -69 +115 -99 -66 -84 +96 +103 -80 +105 -116 -98 +59 -78 +113 -100 -94 -56 +112
+1 +2 +3 +4 +5 +6 +7 +8 +9 +10 +11 +12 +13 +14 +15 +16 +17 +18 +19 +20 +21 +22 +23 +24 +25 +26 +27 +28 +29 +30 +31 +32 +33 +34 +35 +36 +37 +38 +39 +40 +41 +42 +43 +44 +45 +46 +47 +48 +49 +50 +51 +52 +53 +54 +125 +123 +110 -62 -119 -77 +92 -71 -65 +55 +73 +83 +95 +57 +64 +76 +81 +61 +104 -114 +85 +79 -67 +93 +63 +118 -70 +68 +117 +124 +122 +97 +88 +90 -72 -120 -111 +86 +82 -58 -89 +108 +74 +87 +60 +75 -107 +101 -126 -102 +109 +121 +91 +106 -69 +115 -99 -66 -84 +96 +103 -80 +105 -116 -98 +59 -78 +113 -100 -94 -56 +112
+1 +2 +3 +4 +5 +6 +7 +8 +9 +10 +11 +12 +13 +14 +15 +16 +17 +18 +19 +20 +21 +22 +23 +24 +25 +26 +27 +28 +29 +30 +31 +32 +33 +34 +35 +36 +37 +38 +39 +40 +41 +42 +43 +44 +45 +46 +47 +48 +49 +50 +51 +52 +53 +54 -55 +65 +71 -92 +77 +119 +62 -110 -123 -125 +73 +83 +95 +57 +64 +76 +81 +61 +104 -114 +85 +79 -67 +93 +63 +118 -70 +68 +117 +124 +122 +97 +88 +90 -72 -120 -111 +86 +82 -58 -89 +108 +74 +87 +60 +75 -107 +101 -126 -102 +109 +121 +91 +106 -69 +115 -99 -66 -84 +96 +103 -80 +105 -116 -98 +59 -78 +113 -100 -94 -56 +112
+1 +2 +3 +4 +5 +6 +7 +8 +9 +10 +11 +12 +13 +14 +15 +16 +17 +18 +19 +20 +21 +22 +23 +24 +25 +26 +27 +28 +29 +30 +31 +32 +33 +34 +35 +36 +37 +38 +39 +40 +41 +42 +43 +44 +45 +46 +47 +48 +49 +50 +51 +52 +53 +54 +55 +65 +71 -92 +77 +119 +62 -110 -123 -125 +73 +83 +95 +57 +64 +76 +81 +61 +104 -114 +85 +79 -67 +93 +63 +118 -70 +68 +117 +124 +122 +97 +88 +90 -72 -120 -111 +86 +82 -58 -89 +108 +74 +87 +60 +75 -107 +101 -126 -102 +109 +121 +91 +106 -69 +115 -99 -66 -84 +96 +103 -80 +105 -116 -98 +59 -78 +113 -100 -94 -56 +112
+1 +2 +3 +4 +5 +6 +7 +8 +9 +10 +11 +12 +13 +14 +15 +16 +17 +18 +19 +20 +21 +22 +23 +24 +25 +26 +27 +28 +29 +30 +31 +32 +33 +34 +35 +36 +37 +38 +39 +40 +41 +42 +43 +44 +45 +46 +47 +48 +49 +50 +51 +52 +53 +54 +55 +56 +94 +100 -113 +78 -59 +98 +116 -105 +80 -103 -96 +84 +66 +99 -115 +69 -106 -91 -121 -109 +102 +126 -101 +107 -75 -60 -87 -74 -108 +89 +58 -82 -86 +111 +120 +72 -90 -88 -97 -122 -124 -117 -68 +70 -118 -63 -93 +67 -79 -85 +114 -104 -61 -81 -76 -64 -57 -95 -83 -73 +125 +123 +110 -62 -119 -77 +92 -71 -65 +112
+1 +2 +3 +4 +5 +6 +7 +8 +9 +10 +11 +12 +13 +14 +15 +16 +17 +18 +19 +20 +21 +22 +23 +24 +25 +26 +27 +28 +29 +30 +31 +32 +33 +34 +35 +36 +37 +38 +39 +40 +41 +42 +43 +44 +45 +46 +47 +48 +49 +50 +51 +52 +53 +54 +55 +56 +57 +64 +76 +81 +61 +104 -114 +85 +79 -67 +93 +63 +118 -70 +68 +117 +124 +122 +97 +88 +90 -72 -120 -111 +86 +82 -58 -89 +108 +74 +87 +60 +75 -107 +101 -126 -102 +109 +121 +91 +106 -69 +115 -99 -66 -84 +96 +103 -80 +105 -116 -98 +59 -78 +113 -100 -94 -95 -83 -73 +125 +123 +110 -62 -119 -77 +92 -71 -65 +112
+1 +2 +3 +4 +5 +6 +7 +8 +9 +10 +11 +12 +13 +14 +15 +16 +17 +18 +19 +20 +21 +22 +23 +24 +25 +26 +27 +28 +29 +30 +31 +32 +33 +34 +35 +36 +37 +38 +39 +40 +41 +42 +43 +44 +45 +46 +47 +48 +49 +50 +51 +52 +53 +54 +55 +56 +57 +58 -82 -86 +111 +120 +72 -90 -88 -97 -122 -124 -117 -68 +70 -118 -63 -93 +67 -79 -85 +114 -104 -61 -81 -76 -64 -89 +108 +74 +87 +60 +75 -107 +101 -126 -102 +109 +121 +91 +106 -69 +115 -99 -66 -84 +96 +103 -80 +105 -116 -98 +59 -78 +113 -100 -94 -95 -83 -73 +125 +123 +110 -62 -119 -77 +92 -71 -65 +112
+1 +2 +3 +4 +5 +6 +7 +8 +9 +10 +11 +12 +13 +14 +15 +16 +17 +18 +19 +20 +21 +22 +23 +24 +25 +26 +27 +28 +29 +30 +31 +32 +33 +34 +35 +36 +37 +38 +39 +40 +41 +42 +43 +44 +45 +46 +47 +48 +49 +50 +51 +52 +53 +54 +55 +56 +57 +58 -59 +98 +116 -105 +80 -103 -96 +84 +66 +99 -115 +69 -106 -91 -121 -109 +102 +126 -101 +107 -75 -60 -87 -74 -108 +89 +64 +76 +81 +61 +104 -114 +85 +79 -67 +93 +63 +118 -70 +68 +117 +124 +122 +97 +88 +90 -72 -120 -111 +86 +82 -78 +113 -100 -94 -95 -83 -73 +125 +123 +110 -62 -119 -77 +92 -71 -65 +112
+1 +2 +3 +4 +5 +6 +7 +8 +9 +10 +11 +12 +13 +14 +15 +16 +17 +18 +19 +20 +21 +22 +23 +24 +25 +26 +27 +28 +29 +30 +31 +32 +33 +34 +35 +36 +37 +38 +39 +40 +41 +42 +43 +44 +45 +46 +47 +48 +49 +50 +51 +52 +53 +54 +55 +56 +57 +58 +59 +98 +116 -105 +80 -103 -96 +84 +66 +99 -115 +69 -106 -91 -121 -109 +102 +126 -101 +107 -75 -60 -87 -74 -108 +89 +64 +76 +81 +61 +104 -114 +85 +79 -67 +93 +63 +118 -70 +68 +117 +124 +122 +97 +88 +90 -72 -120 -111 +86 +82 -78 +113 -100 -94 -95 -83 -73 +125 +123 +110 -62 -119 -77 +92 -71 -65 +112
+1 +2 +3 +4 +5 +6 +7 +8 +9 +10 +11 +12 +13 +14 +15 +16 +17 +18 +19 +20 +21 +22 +23 +24 +25 +26 +27 +28 +29 +30 +31 +32 +33 +34 +35 +36 +37 +38 +39 +40 +41 +42 +43 +44 +45 +46 +47 +48 +49 +50 +51 +52 +53 +54 +55 +56 +57 +58 +59 +60 +75 -107 +101 -126 -102 +109 +121 +91 +106 -69 +115 -99 -66 -84 +96 +103 -80 +105 -116 -98 -87 -74 -108 +89 +64 +76 +81 +61 +104 -114 +85 +79 -67 +93 +63 +118 -70 +68 +117 +124 +122 +97 +88 +90 -72 -120 -111 +86 +82 -78 +113 -100 -94 -95 -83 -73 +125 +123 +110 -62 -119 -77 +92 -71 -65 +112
+1 +2 +3 +4 +5 +6 +7 +8 +9 +10 +11 +12 +13 +14 +15 +16 +17 +18 +19 +20 +21 +22 +23 +24 +25 +26 +27 +28 +29 +30 +31 +32 +33 +34 +35 +36 +37 +38 +39 +40 +41 +42 +43 +44 +45 +46 +47 +48 +49 +50 +51 +52 +53 +54 +55 +56 +57 +58 +59 +60 -61 -81 -76 -64 -89 +108 +74 +87 +98 +116 -105 +80 -103 -96 +84 +66 +99 -115 +69 -106 -91 -121 -109 +102 +126 -101 +107 -75 +104 -114 +85 +79 -67 +93 +63 +118 -70 +68 +117 +124 +122 +97 +88 +90 -72 -120 -111 +86 +82 -78 +113 -100 -94 -95 -83 -73 +125 +123 +110 -62 -119 -77 +92 -71 -65 +112
+1 +2 +3 +4 +5 +6 +7 +8 +9 +10 +11 +12 +13 +14 +15 +16 +17 +18 +19 +20 +21 +22 +23 +24 +25 +26 +27 +28 +29 +30 +31 +32 +33 +34 +35 +36 +37 +38 +39 +40 +41 +42 +43 +44 +45 +46 +47 +48 +49 +50 +51 +52 +53 +54 +55 +56 +57 +58 +59 +60 +61 -81 -76 -64 -89 +108 +74 +87 +98 +116 -105 +80 -103 -96 +84 +66 +99 -115 +69 -106 -91 -121 -109 +102 +126 -101 +107 -75 +104 -114 +85 +79 -67 +93 +63 +118 -70 +68 +117 +124 +122 +97 +88 +90 -72 -120 -111 +86 +82 -78 +113 -100 -94 -95 -83 -73 +125 +123 +110 -62 -119 -77 +92 -71 -65 +112
+1 +2 +3 +4 +5 +6 +7 +8 +9 +10 +11 +12 +13 +14 +15 +16 +17 +18 +19 +20 +21 +22 +23 +24 +25 +26 +27 +28 +29 +30 +31 +32 +33 +34 +35 +36 +37 +38 +39 +40 +41 +42 +43 +44 +45 +46 +47 +48 +49 +50 +51 +52 +53 +54 +55 +56 +57 +58 +59 +60 +61 +62 -110 -123 -125 +73 +83 +95 +94 +100 -113 +78 -82 -86 +111 +120 +72 -90 -88 -97 -122 -124 -117 -68 +70 -118 -63 -93 +67 -79 -85 +114 -104 +75 -107 +101 -126 -102 +109 +121 +91 +106 -69 +115 -99 -66 -84 +96 +103 -80 +105 -116 -98 -87 -74 -108 +89 +64 +76 +81 -119 -77 +92 -71 -65 +112
+1 +2 +3 +4 +5 +6 +7 +8 +9 +10 +11 +12 +13 +14 +15 +16 +17 +18 +19 +20 +21 +22 +23 +24 +25 +26 +27 +28 +29 +30 +31 +32 +33 +34 +35 +36 +37 +38 +39 +40 +41 +42 +43 +44 +45 +46 +47 +48 +49 +50 +51 +52 +53 +54 +55 +56 +57 +58 +59 +60 +61 +62 +63 +118 -70 +68 +117 +124 +122 +97 +88 +90 -72 -120 -111 +86 +82 -78 +113 -100 -94 -95 -83 -73 +125 +123 +110 -93 +67 -79 -85 +114 -104 +75 -107 +101 -126 -102 +109 +121 +91 +106 -69 +115 -99 -66 -84 +96 +103 -80 +105 -116 -98 -87 -74 -108 +89 +64 +76 +81 -119 -77 +92 -71 -65 +112
+1 +2 +3 +4 +5 +6 +7 +8 +9 +10 +11 +12 +13 +14 +15 +16 +17 +18 +19 +20 +21 +22 +23 +24 +25 +26 +27 +28 +29 +30 +31 +32 +33 +34 +35 +36 +37 +38 +39 +40 +41 +42 +43 +44 +45 +46 +47 +48 +49 +50 +51 +52 +53 +54 +55 +56 +57 +58 +59 +60 +61 +62 +63 -64 -89 +108 +74 +87 +98 +116 -105 +80 -103 -96 +84 +66 +99 -115 +69 -106 -91 -121 -109 +102 +126 -101 +107 -75 +104 -114 +85 +79 -67 +93 -110 -123 -125 +73 +83 +95 +94 +100 -113 +78 -82 -86 +111 +120 +72 -90 -88 -97 -122 -124 -117 -68 +70 -118 +76 +81 -119 -77 +92 -71 -65 +112
+1 +2 +3 +4 +5 +6 +7 +8 +9 +10 +11 +12 +13 +14 +15 +16 +17 +18 +19 +20 +21 +22 +23 +24 +25 +26 +27 +28 +29 +30 +31 +32 +33 +34 +35 +36 +37 +38 +39 +40 +41 +42 +43 +44 +45 +46 +47 +48 +49 +50 +51 +52 +53 +54 +55 +56 +57 +58 +59 +60 +61 +62 +63 +64 -89 +108 +74 +87 +98 +116 -105 +80 -103 -96 +84 +66 +99 -115 +69 -106 -91 -121 -109 +102 +126 -101 +107 -75 +104 -114 +85 +79 -67 +93 -110 -123 -125 +73 +83 +95 +94 +100 -113 +78 -82 -86 +111 +120 +72 -90 -88 -97 -122 -124 -117 -68 +70 -118 +76 +81 -119 -77 +92 -71 -65 +112
+1 +2 +3 +4 +5 +6 +7 +8 +9 +10 +11 +12 +13 +14 +15 +16 +17 +18 +19 +20 +21 +22 +23 +24 +25 +26 +27 +28 +29 +30 +31 +32 +33 +34 +35 +36 +37 +38 +39 +40 +41 +42 +43 +44 +45 +46 +47 +48 +49 +50 +51 +52 +53 +54 +55 +56 +57 +58 +59 +60 +61 +62 +63 +64 +65 +71 -92 +77 +119 -81 -76 +118 -70 +68 +117 +124 +122 +97 +88 +90 -72 -120 -111 +86 +82 -78 +113 -100 -94 -95 -83 -73 +125 +123 +110 -93 +67 -79 -85 +114 -104 +75 -107 +101 -126 -102 +109 +121 +91 +106 -69 +115 -99 -66 -84 +96 +103 -80 +105 -116 -98 -87 -74 -108 +89 +112
+1 +2 +3 +4 +5 +6 +7 +8 +9 +10 +11 +12 +13 +14 +15 +16 +17 +18 +19 +20 +21 +22 +23 +24 +25 +26 +27 +28 +29 +30 +31 +32 +33 +34 +35 +36 +37 +38 +39 +40 +41 +42 +43 +44 +45 +46 +47 +48 +49 +50 +51 +52 +53 +54 +55 +56 +57 +58 +59 +60 +61 +62 +63 +64 +65 +66 +99 -115 +69 -106 -91 -121 -109 +102 +126 -101 +107 -75 +104 -114 +85 +79 -67 +93 -110 -123 -125 +73 +83 +95 +94 +100 -113 +78 -82 -86 +111 +120 +72 -90 -88 -97 -122 -124 -117 -68 +70 -118 +76 +81 -119 -77 +92 -71 -84 +96 +103 -80 +105 -116 -98 -87 -74 -108 +89 +112
+1 +2 +3 +4 +5 +6 +7 +8 +9 +10 +11 +12 +13 +14 +15 +16 +17 +18 +19 +20 +21 +22 +23 +24 +25 +26 +27 +28 +29 +30 +31 +32 +33 +34 +35 +36 +37 +38 +39 +40 +41 +42 +43 +44 +45 +46 +47 +48 +49 +50 +51 +52 +53 +54 +55 +56 +57 +58 +59 +60 +61 +62 +63 +64 +65 +66 +67 -79 -85 +114 -104 +75 -107 +101 -126 -102 +109 +121 +91 +106 -69 +115 -99 +93 -110 -123 -125 +73 +83 +95 +94 +100 -113 +78 -82 -86 +111 +120 +72 -90 -88 -97 -122 -124 -117 -68 +70 -118 +76 +81 -119 -77 +92 -71 -84 +96 +103 -80 +105 -116 -98 -87 -74 -108 +89 +112
+1 +2 +3 +4 +5 +6 +7 +8 +9 +10 +11 +12 +13 +14 +15 +16 +17 +18 +19 +20 +21 +22 +23 +24 +25 +26 +27 +28 +29 +30 +31 +32 +33 +34 +35 +36 +37 +38 +39 +40 +41 +42 +43 +44 +45 +46 +47 +48 +49 +50 +51 +52 +53 +54 +55 +56 +57 +58 +59 +60 +61 +62 +63 +64 +65 +66 +67 +68 +117 +124 +122 +97 +88 +90 -72 -120 -111 +86 +82 -78 +113 -100 -94 -95 -83 -73 +125 +123 +110 -93 +99 -115 +69 -106 -91 -121 -109 +102 +126 -101 +107 -75 +104 -114 +85 +79 +70 -118 +76 +81 -119 -77 +92 -71 -84 +96 +103 -80 +105 -116 -98 -87 -74 -108 +89 +112
+1 +2 +3 +4 +5 +6 +7 +8 +9 +10 +11 +12 +13 +14 +15 +16 +17 +18 +19 +20 +21 +22 +23 +24 +25 +26 +27 +28 +29 +30 +31 +32 +33 +34 +35 +36 +37 +38 +39 +40 +41 +42 +43 +44 +45 +46 +47 +48 +49 +50 +51 +52 +53 +54 +55 +56 +57 +58 +59 +60 +61 +62 +63 +64 +65 +66 +67 +68 -69 +115 -99 +93 -110 -123 -125 +73 +83 +95 +94 +100 -113 +78 -82 -86 +111 +120 +72 -90 -88 -97 -122 -124 -117 -106 -91 -121 -109 +102 +126 -101 +107 -75 +104 -114 +85 +79 +70 -118 +76 +81 -119 -77 +92 -71 -84 +96 +103 -80 +105 -116 -98 -87 -74 -108 +89 +112
+1 +2 +3 +4 +5 +6 +7 +8 +9 +10 +11 +12 +13 +14 +15 +16 +17 +18 +19 +20 +21 +22 +23 +24 +25 +26 +27 +28 +29 +30 +31 +32 +33 +34 +35 +36 +37 +38 +39 +40 +41 +42 +43 +44 +45 +46 +47 +48 +49 +50 +51 +52 +53 +54 +55 +56 +57 +58 +59 +60 +61 +62 +63 +64 +65 +66 +67 +68 +69 +115 -99 +93 -110 -123 -125 +73 +83 +95 +94 +100 -113 +78 -82 -86 +111 +120 +72 -90 -88 -97 -122 -124 -117 -106 -91 -121 -109 +102 +126 -101 +107 -75 +104 -114 +85 +79 +70 -118 +76 +81 -119 -77 +92 -71 -84 +96 +103 -80 +105 -116 -98 -87 -74 -108 +89 +112
+1 +2 +3 +4 +5 +6 +7 +8 +9 +10 +11 +12 +13 +14 +15 +16 +17 +18 +19 +20 +21 +22 +23 +24 +25 +26 +27 +28 +29 +30 +31 +32 +33 +34 +35 +36 +37 +38 +39 +40 +41 +42 +43 +44 +45 +46 +47 +48 +49 +50 +51 +52 +53 +54 +55 +56 +57 +58 +59 +60 +61 +62 +63 +64 +65 +66 +67 +68 +69 -70 -79 -85 +114 -104 +75 -107 +101 -126 -102 +109 +121 +91 +106 +117 +124 +122 +97 +88 +90 -72 -120 -111 +86 +82 -78 +113 -100 -94 -95 -83 -73 +125 +123 +110 -93 +99 -115 -118 +76 +81 -119 -77 +92 -71 -84 +96 +103 -80 +105 -116 -98 -87 -74 -108 +89 +112
+1 +2 +3 +4 +5 +6 +7 +8 +9 +10 +11 +12 +13 +14 +15 +16 +17 +18 +19 +20 +21 +22 +23 +24 +25 +26 +27 +28 +29 +30 +31 +32 +33 +34 +35 +36 +37 +38 +39 +40 +41 +42 +43 +44 +45 +46 +47 +48 +49 +50 +51 +52 +53 +54 +55 +56 +57 +58 +59 +60 +61 +62 +63 +64 +65 +66 +67 +68 +69 +70 -79 -85 +114 -104 +75 -107 +101 -126 -102 +109 +121 +91 +106 +117 +124 +122 +97 +88 +90 -72 -120 -111 +86 +82 -78 +113 -100 -94 -95 -83 -73 +125 +123 +110 -93 +99 -115 -118 +76 +81 -119 -77 +92 -71 -84 +96 +103 -80 +105 -116 -98 -87 -74 -108 +89 +112
+1 +2 +3 +4 +5 +6 +7 +8 +9 +10 +11 +12 +13 +14 +15 +16 +17 +18 +19 +20 +21 +22 +23 +24 +25 +26 +27 +28 +29 +30 +31 +32 +33 +34 +35 +36 +37 +38 +39 +40 +41 +42 +43 +44 +45 +46 +47 +48 +49 +50 +51 +52 +53 +54 +55 +56 +57 +58 +59 +60 +61 +62 +63 +64 +65 +66 +67 +68 +69 +70 +71 -92 +77 +119 -81 -76 +118 +115 -99 +93 -110 -123 -125 +73 +83 +95 +94 +100 -113 +78 -82 -86 +111 +120 +72 -90 -88 -97 -122 -124 -117 -106 -91 -121 -109 +102 +126 -101 +107 -75 +104 -114 +85 +79 -84 +96 +103 -80 +105 -116 -98 -87 -74 -108 +89 +112
+1 +2 +3 +4 +5 +6 +7 +8 +9 +10 +11 +12 +13 +14 +15 +16 +17 +18 +19 +20 +21 +22 +23 +24 +25 +26 +27 +28 +29 +30 +31 +32 +33 +34 +35 +36 +37 +38 +39 +40 +41 +42 +43 +44 +45 +46 +47 +48 +49 +50 +51 +52 +53 +54 +55 +56 +57 +58 +59 +60 +61 +62 +63 +64 +65 +66 +67 +68 +69 +70 +71 -72 -120 -111 +86 +82 -78 +113 -100 -94 -95 -83 -73 +125 +123 +110 -93 +99 -115 -118 +76 +81 -119 -77 +92 -90 -88 -97 -122 -124 -117 -106 -91 -121 -109 +102 +126 -101 +107 -75 +104 -114 +85 +79 -84 +96 +103 -80 +105 -116 -98 -87 -74 -108 +89 +112
+1 +2 +3 +4 +5 +6 +7 +8 +9 +10 +11 +12 +13 +14 +15 +16 +17 +18 +19 +20 +21 +22 +23 +24 +25 +26 +27 +28 +29 +30 +31 +32 +33 +34 +35 +36 +37 +38 +39 +40 +41 +42 +43 +44 +45 +46 +47 +48 +49 +50 +51 +52 +53 +54 +55 +56 +57 +58 +59 +60 +61 +62 +63 +64 +65 +66 +67 +68 +69 +70 +71 +72 -120 -111 +86 +82 -78 +113 -100 -94 -95 -83 -73 +125 +123 +110 -93 +99 -115 -118 +76 +81 -119 -77 +92 -90 -88 -97 -122 -124 -117 -106 -91 -121 -109 +102 +126 -101 +107 -75 +104 -114 +85 +79 -84 +96 +103 -80 +105 -116 -98 -87 -74 -108 +89 +112
+1 +2 +3 +4 +5 +6 +7 +8 +9 +10 +11 +12 +13 +14 +15 +16 +17 +18 +19 +20 +21 +22 +23 +24 +25 +26 +27 +28 +29 +30 +31 +32 +33 +34 +35 +36 +37 +38 +39 +40 +41 +42 +43 +44 +45 +46 +47 +48 +49 +50 +51 +52 +53 +54 +55 +56 +57 +58 +59 +60 +61 +62 +63 +64 +65 +66 +67 +68 +69 +70 +71 +72 +73 +83 +95 +94 +100 -113 +78 -82 -86 +111 +120 +125 +123 +110 -93 +99 -115 -118 +76 +81 -119 -77 +92 -90 -88 -97 -122 -124 -117 -106 -91 -121 -109 +102 +126 -101 +107 -75 +104 -114 +85 +79 -84 +96 +103 -80 +105 -116 -98 -87 -74 -108 +89 +112
+1 +2 +3 +4 +5 +6 +7 +8 +9 +10 +11 +12 +13 +14 +15 +16 +17 +18 +19 +20 +21 +22 +23 +24 +25 +26 +27 +28 +29 +30 +31 +32 +33 +34 +35 +36 +37 +38 +39 +40 +41 +42 +43 +44 +45 +46 +47 +48 +49 +50 +51 +52 +53 +54 +55 +56 +57 +58 +59 +60 +61 +62 +63 +64 +65 +66 +67 +68 +69 +70 +71 +72 +73 +74 +87 +98 +116 -105 +80 -103 -96 +84 -79 -85 +114 -104 +75 -107 +101 -126 -102 +109 +121 +91 +106 +117 +124 +122 +97 +88 +90 -92 +77 +119 -81 -76 +118 +115 -99 +93 -110 -123 -125 -120 -111 +86 +82 -78 +113 -100 -94 -95 -83 -108 +89 +112
+1 +2 +3 +4 +5 +6 +7 +8 +9 +10 +11 +12 +13 +14 +15 +16 +17 +18 +19 +20 +21 +22 +23 +24 +25 +26 +27 +28 +29 +30 +31 +32 +33 +34 +35 +36 +37 +38 +39 +40 +41 +42 +43 +44 +45 +46 +47 +48 +49 +50 +51 +52 +53 +54 +55 +56 +57 +58 +59 +60 +61 +62 +63 +64 +65 +66 +67 +68 +69 +70 +71 +72 +73 +74 -75 +104 -114 +85 +79 -84 +96 +103 -80 +105 -116 -98 -87 -107 +101 -126 -102 +109 +121 +91 +106 +117 +124 +122 +97 +88 +90 -92 +77 +119 -81 -76 +118 +115 -99 +93 -110 -123 -125 -120 -111 +86 +82 -78 +113 -100 -94 -95 -83 -108 +89 +112
+1 +2 +3 +4 +5 +6 +7 +8 +9 +10 +11 +12 +13 +14 +15 +16 +17 +18 +19 +20 +21 +22 +23 +24 +25 +26 +27 +28 +29 +30 +31 +32 +33 +34 +35 +36 +37 +38 +39 +40 +41 +42 +43 +44 +45 +46 +47 +48 +49 +50 +51 +52 +53 +54 +55 +56 +57 +58 +59 +60 +61 +62 +63 +64 +65 +66 +67 +68 +69 +70 +71 +72 +73 +74 +75 +104 -114 +85 +79 -84 +96 +103 -80 +105 -116 -98 -87 -107 +101 -126 -102 +109 +121 +91 +106 +117 +124 +122 +97 +88 +90 -92 +77 +119 -81 -76 +118 +115 -99 +93 -110 -123 -125 -120 -111 +86 +82 -78 +113 -100 -94 -95 -83 -108 +89 +112
+1 +2 +3 +4 +5 +6 +7 +8 +9 +10 +11 +12 +13 +14 +15 +16 +17 +18 +19 +20 +21 +22 +23 +24 +25 +26 +27 +28 +29 +30 +31 +32 +33 +34 +35 +36 +37 +38 +39 +40 +41 +42 +43 +44 +45 +46 +47 +48 +49 +50 +51 +52 +53 +54 +55 +56 +57 +58 +59 +60 +61 +62 +63 +64 +65 +66 +67 +68 +69 +70 +71 +72 +73 +74 +75 +76 +81 -119 -77 +92 -90 -88 -97 -122 -124 -117 -106 -91 -121 -109 +102 +126 -101 +107 +87 +98 +116 -105 +80 -103 -96 +84 -79 -85 +114 -104 +118 +115 -99 +93 -110 -123 -125 -120 -111 +86 +82 -78 +113 -100 -94 -95 -83 -108 +89 +112
+1 +2 +3 +4 +5 +6 +7 +8 +9 +10 +11 +12 +13 +14 +15 +16 +17 +18 +19 +20 +21 +22 +23 +24 +25 +26 +27 +28 +29 +30 +31 +32 +33 +34 +35 +36 +37 +38 +39 +40 +41 +42 +43 +44 +45 +46 +47 +48 +49 +50 +51 +52 +53 +54 +55 +56 +57 +58 +59 +60 +61 +62 +63 +64 +65 +66 +67 +68 +69 +70 +71 +72 +73 +74 +75 +76 +77 +119 -81 +92 -90 -88 -97 -122 -124 -117 -106 -91 -121 -109 +102 +126 -101 +107 +87 +98 +116 -105 +80 -103 -96 +84 -79 -85 +114 -104 +118 +115 -99 +93 -110 -123 -125 -120 -111 +86 +82 -78 +113 -100 -94 -95 -83 -108 +89 +112
+1 +2 +3 +4 +5 +6 +7 +8 +9 +10 +11 +12 +13 +14 +15 +16 +17 +18 +19 +20 +21 +22 +23 +24 +25 +26 +27 +28 +29 +30 +31 +32 +33 +34 +35 +36 +37 +38 +39 +40 +41 +42 +43 +44 +45 +46 +47 +48 +49 +50 +51 +52 +53 +54 +55 +56 +57 +58 +59 +60 +61 +62 +63 +64 +65 +66 +67 +68 +69 +70 +71 +72 +73 +74 +75 +76 +77 +78 -82 -86 +111 +120 +125 +123 +110 -93 +99 -115 -118 +104 -114 +85 +79 -84 +96 +103 -80 +105 -116 -98 -87 -107 +101 -126 -102 +109 +121 +91 +106 +117 +124 +122 +97 +88 +90 -92 +81 -119 +113 -100 -94 -95 -83 -108 +89 +112
+1 +2 +3 +4 +5 +6 +7 +8 +9 +10 +11 +12 +13 +14 +15 +16 +17 +18 +19 +20 +21 +22 +23 +24 +25 +26 +27 +28 +29 +30 +31 +32 +33 +34 +35 +36 +37 +38 +39 +40 +41 +42 +43 +44 +45 +46 +47 +48 +49 +50 +51 +52 +53 +54 +55 +56 +57 +58 +59 +60 +61 +62 +63 +64 +65 +66 +67 +68 +69 +70 +71 +72 +73 +74 +75 +76 +77 +78 -79 -85 +114 -104 +118 +115 -99 +93 -110 -123 -125 -120 -111 +86 +82 -84 +96 +103 -80 +105 -116 -98 -87 -107 +101 -126 -102 +109 +121 +91 +106 +117 +124 +122 +97 +88 +90 -92 +81 -119 +113 -100 -94 -95 -83 -108 +89 +112
+1 +2 +3 +4 +5 +6 +7 +8 +9 +10 +11 +12 +13 +14 +15 +16 +17 +18 +19 +20 +21 +22 +23 +24 +25 +26 +27 +28 +29 +30 +31 +32 +33 +34 +35 +36 +37 +38 +39 +40 +41 +42 +43 +44 +45 +46 +47 +48 +49 +50 +51 +52 +53 +54 +55 +56 +57 +58 +59 +60 +61 +62 +63 +64 +65 +66 +67 +68 +69 +70 +71 +72 +73 +74 +75 +76 +77 +78 +79 -85 +114 -104 +118 +115 -99 +93 -110 -123 -125 -120 -111 +86 +82 -84 +96 +103 -80 +105 -116 -98 -87 -107 +101 -126 -102 +109 +121 +91 +106 +117 +124 +122 +97 +88 +90 -92 +81 -119 +113 -100 -94 -95 -83 -108 +89 +112
+1 +2 +3 +4 +5 +6 +7 +8 +9 +10 +11 +12 +13 +14 +15 +16 +17 +18 +19 +20 +21 +22 +23 +24 +25 +26 +27 +28 +29 +30 +31 +32 +33 +34 +35 +36 +37 +38 +39 +40 +41 +42 +43 +44 +45 +46 +47 +48 +49 +50 +51 +52 +53 +54 +55 +56 +57 +58 +59 +60 +61 +62 +63 +64 +65 +66 +67 +68 +69 +70 +71 +72 +73 +74 +75 +76 +77 +78 +79 +80 -103 -96 +84 -82 -86 +111 +120 +125 +123 +110 -93 +99 -115 -118 +104 -114 +85 +105 -116 -98 -87 -107 +101 -126 -102 +109 +121 +91 +106 +117 +124 +122 +97 +88 +90 -92 +81 -119 +113 -100 -94 -95 -83 -108 +89 +112
+1 +2 +3 +4 +5 +6 +7 +8 +9 +10 +11 +12 +13 +14 +15 +16 +17 +18 +19 +20 +21 +22 +23 +24 +25 +26 +27 +28 +29 +30 +31 +32 +33 +34 +35 +36 +37 +38 +39 +40 +41 +42 +43 +44 +45 +46 +47 +48 +49 +50 +51 +52 +53 +54 +55 +56 +57 +58 +59 +60 +61 +62 +63 +64 +65 +66 +67 +68 +69 +70 +71 +72 +73 +74 +75 +76 +77 +78 +79 +80 -81 +92 -90 -88 -97 -122 -124 -117 -106 -91 -121 -109 +102 +126 -101 +107 +87 +98 +116 -105 -85 +114 -104 +118 +115 -99 +93 -110 -123 -125 -120 -111 +86 +82 -84 +96 +103 -119 +113 -100 -94 -95 -83 -108 +89 +112
+1 +2 +3 +4 +5 +6 +7 +8 +9 +10 +11 +12 +13 +14 +15 +16 +17 +18 +19 +20 +21 +22 +23 +24 +25 +26 +27 +28 +29 +30 +31 +32 +33 +34 +35 +36 +37 +38 +39 +40 +41 +42 +43 +44 +45 +46 +47 +48 +49 +50 +51 +52 +53 +54 +55 +56 +57 +58 +59 +60 +61 +62 +63 +64 +65 +66 +67 +68 +69 +70 +71 +72 +73 +74 +75 +76 +77 +78 +79 +80 +81 +92 -90 -88 -97 -122 -124 -117 -106 -91 -121 -109 +102 +126 -101 +107 +87 +98 +116 -105 -85 +114 -104 +118 +115 -99 +93 -110 -123 -125 -120 -111 +86 +82 -84 +96 +103 -119 +113 -100 -94 -95 -83 -108 +89 +112
+1 +2 +3 +4 +5 +6 +7 +8 +9 +10 +11 +12 +13 +14 +15 +16 +17 +18 +19 +20 +21 +22 +23 +24 +25 +26 +27 +28 +29 +30 +31 +32 +33 +34 +35 +36 +37 +38 +39 +40 +41 +42 +43 +44 +45 +46 +47 +48 +49 +50 +51 +52 +53 +54 +55 +56 +57 +58 +59 +60 +61 +62 +63 +64 +65 +66 +67 +68 +69 +70 +71 +72 +73 +74 +75 +76 +77 +78 +79 +80 +81 -82 -86 +111 +120 +125 +123 +110 -93 +99 -115 -118 +104 -114 +85 +105 -116 -98 -87 -107 +101 -126 -102 +109 +121 +91 +106 +117 +124 +122 +97 +88 +90 -92 -84 +96 +103 -119 +113 -100 -94 -95 -83 -108 +89 +112
+1 +2 +3 +4 +5 +6 +7 +8 +9 +10 +11 +12 +13 +14 +15 +16 +17 +18 +19 +20 +21 +22 +23 +24 +25 +26 +27 +28 +29 +30 +31 +32 +33 +34 +35 +36 +37 +38 +39 +40 +41 +42 +43 +44 +45 +46 +47 +48 +49 +50 +51 +52 +53 +54 +55 +56 +57 +58 +59 +60 +61 +62 +63 +64 +65 +66 +67 +68 +69 +70 +71 +72 +73 +74 +75 +76 +77 +78 +79 +80 +81 +82 -86 +111 +120 +125 +123 +110 -93 +99 -115 -118 +104 -114 +85 +105 -116 -98 -87 -107 +101 -126 -102 +109 +121 +91 +106 +117 +124 +122 +97 +88 +90 -92 -84 +96 +103 -119 +113 -100 -94 -95 -83 -108 +89 +112
+1 +2 +3 +4 +5 +6 +7 +8 +9 +10 +11 +12 +13 +14 +15 +16 +17 +18 +19 +20 +21 +22 +23 +24 +25 +26 +27 +28 +29 +30 +31 +32 +33 +34 +35 +36 +37 +38 +39 +40 +41 +42 +43 +44 +45 +46 +47 +48 +49 +50 +51 +52 +53 +54 +55 +56 +57 +58 +59 +60 +61 +62 +63 +64 +65 +66 +67 +68 +69 +70 +71 +72 +73 +74 +75 +76 +77 +78 +79 +80 +81 +82 +83 +95 +94 +100 -113 +119 -103 -96 +84 +92 -90 -88 -97 -122 -124 -117 -106 -91 -121 -109 +102 +126 -101 +107 +87 +98 +116 -105 -85 +114 -104 +118 +115 -99 +93 -110 -123 -125 -120 -111 +86 -108 +89 +112
+1 +2 +3 +4 +5 +6 +7 +8 +9 +10 +11 +12 +13 +14 +15 +16 +17 +18 +19 +20 +21 +22 +23 +24 +25 +26 +27 +28 +29 +30 +31 +32 +33 +34 +35 +36 +37 +38 +39 +40 +41 +42 +43 +44 +45 +46 +47 +48 +49 +50 +51 +52 +53 +54 +55 +56 +57 +58 +59 +60 +61 +62 +63 +64 +65 +66 +67 +68 +69 +70 +71 +72 +73 +74 +75 +76 +77 +78 +79 +80 +81 +82 +83 -84 +96 +103 -119 +113 -100 -94 -95 +92 -90 -88 -97 -122 -124 -117 -106 -91 -121 -109 +102 +126 -101 +107 +87 +98 +116 -105 -85 +114 -104 +118 +115 -99 +93 -110 -123 -125 -120 -111 +86 -108 +89 +112
+1 +2 +3 +4 +5 +6 +7 +8 +9 +10 +11 +12 +13 +14 +15 +16 +17 +18 +19 +20 +21 +22 +23 +24 +25 +26 +27 +28 +29 +30 +31 +32 +33 +34 +35 +36 +37 +38 +39 +40 +41 +42 +43 +44 +45 +46 +47 +48 +49 +50 +51 +52 +53 +54 +55 +56 +57 +58 +59 +60 +61 +62 +63 +64 +65 +66 +67 +68 +69 +70 +71 +72 +73 +74 +75 +76 +77 +78 +79 +80 +81 +82 +83 +84 +96 +103 -119 +113 -100 -94 -95 +92 -90 -88 -97 -122 -124 -117 -106 -91 -121 -109 +102 +126 -101 +107 +87 +98 +116 -105 -85 +114 -104 +118 +115 -99 +93 -110 -123 -125 -120 -111 +86 -108 +89 +112
+1 +2 +3 +4 +5 +6 +7 +8 +9 +10 +11 +12 +13 +14 +15 +16 +17 +18 +19 +20 +21 +22 +23 +24 +25 +26 +27 +28 +29 +30 +31 +32 +33 +34 +35 +36 +37 +38 +39 +40 +41 +42 +43 +44 +45 +46 +47 +48 +49 +50 +51 +52 +53 +54 +55 +56 +57 +58 +59 +60 +61 +62 +63 +64 +65 +66 +67 +68 +69 +70 +71 +72 +73 +74 +75 +76 +77 +78 +79 +80 +81 +82 +83 +84 +85 +105 -116 -98 -87 -107 +101 -126 -102 +109 +121 +91 +106 +117 +124 +122 +97 +88 +90 -92 +95 +94 +100 -113 +119 -103 -96 +114 -104 +118 +115 -99 +93 -110 -123 -125 -120 -111 +86 -108 +89 +112
+1 +2 +3 +4 +5 +6 +7 +8 +9 +10 +11 +12 +13 +14 +15 +16 +17 +18 +19 +20 +21 +22 +23 +24 +25 +26 +27 +28 +29 +30 +31 +32 +33 +34 +35 +36 +37 +38 +39 +40 +41 +42 +43 +44 +45 +46 +47 +48 +49 +50 +51 +52 +53 +54 +55 +56 +57 +58 +59 +60 +61 +62 +63 +64 +65 +66 +67 +68 +69 +70 +71 +72 +73 +74 +75 +76 +77 +78 +79 +80 +81 +82 +83 +84 +85 -86 +111 +120 +125 +123 +110 -93 +99 -115 -118 +104 -114 +96 +103 -119 +113 -100 -94 -95 +92 -90 -88 -97 -122 -124 -117 -106 -91 -121 -109 +102 +126 -101 +107 +87 +98 +116 -105 -108 +89 +112
+1 +2 +3 +4 +5 +6 +7 +8 +9 +10 +11 +12 +13 +14 +15 +16 +17 +18 +19 +20 +21 +22 +23 +24 +25 +26 +27 +28 +29 +30 +31 +32 +33 +34 +35 +36 +37 +38 +39 +40 +41 +42 +43 +44 +45 +46 +47 +48 +49 +50 +51 +52 +53 +54 +55 +56 +57 +58 +59 +60 +61 +62 +63 +64 +65 +66 +67 +68 +69 +70 +71 +72 +73 +74 +75 +76 +77 +78 +79 +80 +81 +82 +83 +84 +85 +86 +111 +120 +125 +123 +110 -93 +99 -115 -118 +104 -114 +96 +103 -119 +113 -100 -94 -95 +92 -90 -88 -97 -122 -124 -117 -106 -91 -121 -109 +102 +126 -101 +107 +87 +98 +116 -105 -108 +89 +112
+1 +2 +3 +4 +5 +6 +7 +8 +9 +10 +11 +12 +13 +14 +15 +16 +17 +18 +19 +20 +21 +22 +23 +24 +25 +26 +27 +28 +29 +30 +31 +32 +33 +34 +35 +36 +37 +38 +39 +40 +41 +42 +43 +44 +45 +46 +47 +48 +49 +50 +51 +52 +53 +54 +55 +56 +57 +58 +59 +60 +61 +62 +63 +64 +65 +66 +67 +68 +69 +70 +71 +72 +73 +74 +75 +76 +77 +78 +79 +80 +81 +82 +83 +84 +85 +86 -87 -107 +101 -126 -102 +109 +121 +91 +106 +117 +124 +122 +97 +88 +90 -92 +95 +94 +100 -113 +119 -103 -96 +114 -104 +118 +115 -99 +93 -110 -123 -125 -120 -111 +98 +116 -105 -108 +89 +112
+1 +2 +3 +4 +5 +6 +7 +8 +9 +10 +11 +12 +13 +14 +15 +16 +17 +18 +19 +20 +21 +22 +23 +24 +25 +26 +27 +28 +29 +30 +31 +32 +33 +34 +35 +36 +37 +38 +39 +40 +41 +42 +43 +44 +45 +46 +47 +48 +49 +50 +51 +52 +53 +54 +55 +56 +57 +58 +59 +60 +61 +62 +63 +64 +65 +66 +67 +68 +69 +70 +71 +72 +73 +74 +75 +76 +77 +78 +79 +80 +81 +82 +83 +84 +85 +86 +87 -107 +101 -126 -102 +109 +121 +91 +106 +117 +124 +122 +97 +88 +90 -92 +95 +94 +100 -113 +119 -103 -96 +114 -104 +118 +115 -99 +93 -110 -123 -125 -120 -111 +98 +116 -105 -108 +89 +112
+1 +2 +3 +4 +5 +6 +7 +8 +9 +10 +11 +12 +13 +14 +15 +16 +17 +18 +19 +20 +21 +22 +23 +24 +25 +26 +27 +28 +29 +30 +31 +32 +33 +34 +35 +36 +37 +38 +39 +40 +41 +42 +43 +44 +45 +46 +47 +48 +49 +50 +51 +52 +53 +54 +55 +56 +57 +58 +59 +60 +61 +62 +63 +64 +65 +66 +67 +68 +69 +70 +71 +72 +73 +74 +75 +76 +77 +78 +79 +80 +81 +82 +83 +84 +85 +86 +87 -88 -97 -122 -124 -117 -106 -91 -121 -109 +102 +126 -101 +107 +90 -92 +95 +94 +100 -113 +119 -103 -96 +114 -104 +118 +115 -99 +93 -110 -123 -125 -120 -111 +98 +116 -105 -108 +89 +112
+1 +2 +3 +4 +5 +6 +7 +8 +9 +10 +11 +12 +13 +14 +15 +16 +17 +18 +19 +20 +21 +22 +23 +24 +25 +26 +27 +28 +29 +30 +31 +32 +33 +34 +35 +36 +37 +38 +39 +40 +41 +42 +43 +44 +45 +46 +47 +48 +49 +50 +51 +52 +53 +54 +55 +56 +57 +58 +59 +60 +61 +62 +63 +64 +65 +66 +67 +68 +69 +70 +71 +72 +73 +74 +75 +76 +77 +78 +79 +80 +81 +82 +83 +84 +85 +86 +87 +88 -97 -122 -124 -117 -106 -91 -121 -109 +102 +126 -101 +107 +90 -92 +95 +94 +100 -113 +119 -103 -96 +114 -104 +118 +115 -99 +93 -110 -123 -125 -120 -111 +98 +116 -105 -108 +89 +112
+1 +2 +3 +4 +5 +6 +7 +8 +9 +10 +11 +12 +13 +14 +15 +16 +17 +18 +19 +20 +21 +22 +23 +24 +25 +26 +27 +28 +29 +30 +31 +32 +33 +34 +35 +36 +37 +38 +39 +40 +41 +42 +43 +44 +45 +46 +47 +48 +49 +50 +51 +52 +53 +54 +55 +56 +57 +58 +59 +60 +61 +62 +63 +64 +65 +66 +67 +68 +69 +70 +71 +72 +73 +74 +75 +76 +77 +78 +79 +80 +81 +82 +83 +84 +85 +86 +87 +88 -89 +108 +105 -116 -98 +111 +120 +125 +123 +110 -93 +99 -115 -118 +104 -114 +96 +103 -119 +113 -100 -94 -95 +92 -90 -107 +101 -126 -102 +109 +121 +91 +106 +117 +124 +122 +97 +112
+1 +2 +3 +4 +5 +6 +7 +8 +9 +10 +11 +12 +13 +14 +15 +16 +17 +18 +19 +20 +21 +22 +23 +24 +25 +26 +27 +28 +29 +30 +31 +32 +33 +34 +35 +36 +37 +38 +39 +40 +41 +42 +43 +44 +45 +46 +47 +48 +49 +50 +51 +52 +53 +54 +55 +56 +57 +58 +59 +60 +61 +62 +63 +64 +65 +66 +67 +68 +69 +70 +71 +72 +73 +74 +75 +76 +77 +78 +79 +80 +81 +82 +83 +84 +85 +86 +87 +88 +89 +108 +105 -116 -98 +111 +120 +125 +123 +110 -93 +99 -115 -118 +104 -114 +96 +103 -119 +113 -100 -94 -95 +92 -90 -107 +101 -126 -102 +109 +121 +91 +106 +117 +124 +122 +97 +112
+1 +2 +3 +4 +5 +6 +7 +8 +9 +10 +11 +12 +13 +14 +15 +16 +17 +18 +19 +20 +21 +22 +23 +24 +25 +26 +27 +28 +29 +30 +31 +32 +33 +34 +35 +36 +37 +38 +39 +40 +41 +42 +43 +44 +45 +46 +47 +48 +49 +50 +51 +52 +53 +54 +55 +56 +57 +58 +59 +60 +61 +62 +63 +64 +65 +66 +67 +68 +69 +70 +71 +72 +73 +74 +75 +76 +77 +78 +79 +80 +81 +82 +83 +84 +85 +86 +87 +88 +89 +90 -92 +95 +94 +100 -113 +119 -103 -96 +114 -104 +118 +115 -99 +93 -110 -123 -125 -120 -111 +98 +116 -105 -108 -107 +101 -126 -102 +109 +121 +91 +106 +117 +124 +122 +97 +112
+1 +2 +3 +4 +5 +6 +7 +8 +9 +10 +11 +12 +13 +14 +15 +16 +17 +18 +19 +20 +21 +22 +23 +24 +25 +26 +27 +28 +29 +30 +31 +32 +33 +34 +35 +36 +37 +38 +39 +40 +41 +42 +43 +44 +45 +46 +47 +48 +49 +50 +51 +52 +53 +54 +55 +56 +57 +58 +59 +60 +61 +62 +63 +64 +65 +66 +67 +68 +69 +70 +71 +72 +73 +74 +75 +76 +77 +78 +79 +80 +81 +82 +83 +84 +85 +86 +87 +88 +89 +90 -91 -121 -109 +102 +126 -101 +107 +108 +105 -116 -98 +111 +120 +125 +123 +110 -93 +99 -115 -118 +104 -114 +96 +103 -119 +113 -100 -94 -95 +92 +106 +117 +124 +122 +97 +112
+1 +2 +3 +4 +5 +6 +7 +8 +9 +10 +11 +12 +13 +14 +15 +16 +17 +18 +19 +20 +21 +22 +23 +24 +25 +26 +27 +28 +29 +30 +31 +32 +33 +34 +35 +36 +37 +38 +39 +40 +41 +42 +43 +44 +45 +46 +47 +48 +49 +50 +51 +52 +53 +54 +55 +56 +57 +58 +59 +60 +61 +62 +63 +64 +65 +66 +67 +68 +69 +70 +71 +72 +73 +74 +75 +76 +77 +78 +79 +80 +81 +82 +83 +84 +85 +86 +87 +88 +89 +90 +91 -121 -109 +102 +126 -101 +107 +108 +105 -116 -98 +111 +120 +125 +123 +110 -93 +99 -115 -118 +104 -114 +96 +103 -119 +113 -100 -94 -95 +92 +106 +117 +124 +122 +97 +112
+1 +2 +3 +4 +5 +6 +7 +8 +9 +10 +11 +12 +13 +14 +15 +16 +17 +18 +19 +20 +21 +22 +23 +24 +25 +26 +27 +28 +29 +30 +31 +32 +33 +34 +35 +36 +37 +38 +39 +40 +41 +42 +43 +44 +45 +46 +47 +48 +49 +50 +51 +52 +53 +54 +55 +56 +57 +58 +59 +60 +61 +62 +63 +64 +65 +66 +67 +68 +69 +70 +71 +72 +73 +74 +75 +76 +77 +78 +79 +80 +81 +82 +83 +84 +85 +86 +87 +88 +89 +90 +91 -92 +95 +94 +100 -113 +119 -103 -96 +114 -104 +118 +115 -99 +93 -110 -123 -125 -120 -111 +98 +116 -105 -108 -107 +101 -126 -102 +109 +121 +106 +117 +124 +122 +97 +112
+1 +2 +3 +4 +5 +6 +7 +8 +9 +10 +11 +12 +13 +14 +15 +16 +17 +18 +19 +20 +21 +22 +23 +24 +25 +26 +27 +28 +29 +30 +31 +32 +33 +34 +35 +36 +37 +38 +39 +40 +41 +42 +43 +44 +45 +46 +47 +48 +49 +50 +51 +52 +53 +54 +55 +56 +57 +58 +59 +60 +61 +62 +63 +64 +65 +66 +67 +68 +69 +70 +71 +72 +73 +74 +75 +76 +77 +78 +79 +80 +81 +82 +83 +84 +85 +86 +87 +88 +89 +90 +91 +92 +95 +94 +100 -113 +119 -103 -96 +114 -104 +118 +115 -99 +93 -110 -123 -125 -120 -111 +98 +116 -105 -108 -107 +101 -126 -102 +109 +121 +106 +117 +124 +122 +97 +112
+1 +2 +3 +4 +5 +6 +7 +8 +9 +10 +11 +12 +13 +14 +15 +16 +17 +18 +19 +20 +21 +22 +23 +24 +25 +26 +27 +28 +29 +30 +31 +32 +33 +34 +35 +36 +37 +38 +39 +40 +41 +42 +43 +44 +45 +46 +47 +48 +49 +50 +51 +52 +53 +54 +55 +56 +57 +58 +59 +60 +61 +62 +63 +64 +65 +66 +67 +68 +69 +70 +71 +72 +73 +74 +75 +76 +77 +78 +79 +80 +81 +82 +83 +84 +85 +86 +87 +88 +89 +90 +91 +92 -93 +99 -115 -118 +104 -114 +96 +103 -119 +113 -100 -94 -95 -110 -123 -125 -120 -111 +98 +116 -105 -108 -107 +101 -126 -102 +109 +121 +106 +117 +124 +122 +97 +112
+1 +2 +3 +4 +5 +6 +7 +8 +9 +10 +11 +12 +13 +14 +15 +16 +17 +18 +19 +20 +21 +22 +23 +24 +25 +26 +27 +28 +29 +30 +31 +32 +33 +34 +35 +36 +37 +38 +39 +40 +41 +42 +43 +44 +45 +46 +47 +48 +49 +50 +51 +52 +53 +54 +55 +56 +57 +58 +59 +60 +61 +62 +63 +64 +65 +66 +67 +68 +69 +70 +71 +72 +73 +74 +75 +76 +77 +78 +79 +80 +81 +82 +83 +84 +85 +86 +87 +88 +89 +90 +91 +92 +93 +99 -115 -118 +104 -114 +96 +103 -119 +113 -100 -94 -95 -110 -123 -125 -120 -111 +98 +116 -105 -108 -107 +101 -126 -102 +109 +121 +106 +117 +124 +122 +97 +112
+1 +2 +3 +4 +5 +6 +7 +8 +9 +10 +11 +12 +13 +14 +15 +16 +17 +18 +19 +20 +21 +22 +23 +24 +25 +26 +27 +28 +29 +30 +31 +32 +33 +34 +35 +36 +37 +38 +39 +40 +41 +42 +43 +44 +45 +46 +47 +48 +49 +50 +51 +52 +53 +54 +55 +56 +57 +58 +59 +60 +61 +62 +63 +64 +65 +66 +67 +68 +69 +70 +71 +72 +73 +74 +75 +76 +77 +78 +79 +80 +81 +82 +83 +84 +85 +86 +87 +88 +89 +90 +91 +92 +93 +94 +100 -113 +119 -103 -96 +114 -104 +118 +115 -99 -95 -110 -123 -125 -120 -111 +98 +116 -105 -108 -107 +101 -126 -102 +109 +121 +106 +117 +124 +122 +97 +112
+1 +2 +3 +4 +5 +6 +7 +8 +9 +10 +11 +12 +13 +14 +15 +16 +17 +18 +19 +20 +21 +22 +23 +24 +25 +26 +27 +28 +29 +30 +31 +32 +33 +34 +35 +36 +37 +38 +39 +40 +41 +42 +43 +44 +45 +46 +47 +48 +49 +50 +51 +52 +53 +54 +55 +56 +57 +58 +59 +60 +61 +62 +63 +64 +65 +66 +67 +68 +69 +70 +71 +72 +73 +74 +75 +76 +77 +78 +79 +80 +81 +82 +83 +84 +85 +86 +87 +88 +89 +90 +91 +92 +93 +94 +95 +99 -115 -118 +104 -114 +96 +103 -119 +113 -100 -110 -123 -125 -120 -111 +98 +116 -105 -108 -107 +101 -126 -102 +109 +121 +106 +117 +124 +122 +97 +112
+1 +2 +3 +4 +5 +6 +7 +8 +9 +10 +11 +12 +13 +14 +15 +16 +17 +18 +19 +20 +21 +22 +23 +24 +25 +26 +27 +28 +29 +30 +31 +32 +33 +34 +35 +36 +37 +38 +39 +40 +41 +42 +43 +44 +45 +46 +47 +48 +49 +50 +51 +52 +53 +54 +55 +56 +57 +58 +59 +60 +61 +62 +63 +64 +65 +66 +67 +68 +69 +70 +71 +72 +73 +74 +75 +76 +77 +78 +79 +80 +81 +82 +83 +84 +85 +86 +87 +88 +89 +90 +91 +92 +93 +94 +95 -96 +114 -104 +118 +115 -99 +103 -119 +113 -100 -110 -123 -125 -120 -111 +98 +116 -105 -108 -107 +101 -126 -102 +109 +121 +106 +117 +124 +122 +97 +112
+1 +2 +3 +4 +5 +6 +7 +8 +9 +10 +11 +12 +13 +14 +15 +16 +17 +18 +19 +20 +21 +22 +23 +24 +25 +26 +27 +28 +29 +30 +31 +32 +33 +34 +35 +36 +37 +38 +39 +40 +41 +42 +43 +44 +45 +46 +47 +48 +49 +50 +51 +52 +53 +54 +55 +56 +57 +58 +59 +60 +61 +62 +63 +64 +65 +66 +67 +68 +69 +70 +71 +72 +73 +74 +75 +76 +77 +78 +79 +80 +81 +82 +83 +84 +85 +86 +87 +88 +89 +90 +91 +92 +93 +94 +95 +96 +114 -104 +118 +115 -99 +103 -119 +113 -100 -110 -123 -125 -120 -111 +98 +116 -105 -108 -107 +101 -126 -102 +109 +121 +106 +117 +124 +122 +97 +112
+1 +2 +3 +4 +5 +6 +7 +8 +9 +10 +11 +12 +13 +14 +15 +16 +17 +18 +19 +20 +21 +22 +23 +24 +25 +26 +27 +28 +29 +30 +31 +32 +33 +34 +35 +36 +37 +38 +39 +40 +41 +42 +43 +44 +45 +46 +47 +48 +49 +50 +51 +52 +53 +54 +55 +56 +57 +58 +59 +60 +61 +62 +63 +64 +65 +66 +67 +68 +69 +70 +71 +72 +73 +74 +75 +76 +77 +78 +79 +80 +81 +82 +83 +84 +85 +86 +87 +88 +89 +90 +91 +92 +93 +94 +95 +96 -97 -122 -124 -117 -106 -121 -109 +102 +126 -101 +107 +108 +105 -116 -98 +111 +120 +125 +123 +110 +100 -113 +119 -103 +99 -115 -118 +104 -114 +112
+1 +2 +3 +4 +5 +6 +7 +8 +9 +10 +11 +12 +13 +14 +15 +16 +17 +18 +19 +20 +21 +22 +23 +24 +25 +26 +27 +28 +29 +30 +31 +32 +33 +34 +35 +36 +37 +38 +39 +40 +41 +42 +43 +44 +45 +46 +47 +48 +49 +50 +51 +52 +53 +54 +55 +56 +57 +58 +59 +60 +61 +62 +63 +64 +65 +66 +67 +68 +69 +70 +71 +72 +73 +74 +75 +76 +77 +78 +79 +80 +81 +82 +83 +84 +85 +86 +87 +88 +89 +90 +91 +92 +93 +94 +95 +96 +97 -122 -124 -117 -106 -121 -109 +102 +126 -101 +107 +108 +105 -116 -98 +111 +120 +125 +123 +110 +100 -113 +119 -103 +99 -115 -118 +104 -114 +112
+1 +2 +3 +4 +5 +6 +7 +8 +9 +10 +11 +12 +13 +14 +15 +16 +17 +18 +19 +20 +21 +22 +23 +24 +25 +26 +27 +28 +29 +30 +31 +32 +33 +34 +35 +36 +37 +38 +39 +40 +41 +42 +43 +44 +45 +46 +47 +48 +49 +50 +51 +52 +53 +54 +55 +56 +57 +58 +59 +60 +61 +62 +63 +64 +65 +66 +67 +68 +69 +70 +71 +72 +73 +74 +75 +76 +77 +78 +79 +80 +81 +82 +83 +84 +85 +86 +87 +88 +89 +90 +91 +92 +93 +94 +95 +96 +97 +98 +116 -105 -108 -107 +101 -126 -102 +109 +121 +106 +117 +124 +122 +111 +120 +125 +123 +110 +100 -113 +119 -103 +99 -115 -118 +104 -114 +112
+1 +2 +3 +4 +5 +6 +7 +8 +9 +10 +11 +12 +13 +14 +15 +16 +17 +18 +19 +20 +21 +22 +23 +24 +25 +26 +27 +28 +29 +30 +31 +32 +33 +34 +35 +36 +37 +38 +39 +40 +41 +42 +43 +44 +45 +46 +47 +48 +49 +50 +51 +52 +53 +54 +55 +56 +57 +58 +59 +60 +61 +62 +63 +64 +65 +66 +67 +68 +69 +70 +71 +72 +73 +74 +75 +76 +77 +78 +79 +80 +81 +82 +83 +84 +85 +86 +87 +88 +89 +90 +91 +92 +93 +94 +95 +96 +97 +98 -99 +103 -119 +113 -100 -110 -123 -125 -120 -111 -122 -124 -117 -106 -121 -109 +102 +126 -101 +107 +108 +105 -116 -115 -118 +104 -114 +112
+1 +2 +3 +4 +5 +6 +7 +8 +9 +10 +11 +12 +13 +14 +15 +16 +17 +18 +19 +20 +21 +22 +23 +24 +25 +26 +27 +28 +29 +30 +31 +32 +33 +34 +35 +36 +37 +38 +39 +40 +41 +42 +43 +44 +45 +46 +47 +48 +49 +50 +51 +52 +53 +54 +55 +56 +57 +58 +59 +60 +61 +62 +63 +64 +65 +66 +67 +68 +69 +70 +71 +72 +73 +74 +75 +76 +77 +78 +79 +80 +81 +82 +83 +84 +85 +86 +87 +88 +89 +90 +91 +92 +93 +94 +95 +96 +97 +98 +99 +103 -119 +113 -100 -110 -123 -125 -120 -111 -122 -124 -117 -106 -121 -109 +102 +126 -101 +107 +108 +105 -116 -115 -118 +104 -114 +112
+1 +2 +3 +4 +5 +6 +7 +8 +9 +10 +11 +12 +13 +14 +15 +16 +17 +18 +19 +20 +21 +22 +23 +24 +25 +26 +27 +28 +29 +30 +31 +32 +33 +34 +35 +36 +37 +38 +39 +40 +41 +42 +43 +44 +45 +46 +47 +48 +49 +50 +51 +52 +53 +54 +55 +56 +57 +58 +59 +60 +61 +62 +63 +64 +65 +66 +67 +68 +69 +70 +71 +72 +73 +74 +75 +76 +77 +78 +79 +80 +81 +82 +83 +84 +85 +86 +87 +88 +89 +90 +91 +92 +93 +94 +95 +96 +97 +98 +99 +100 -113 +119 -103 -110 -123 -125 -120 -111 -122 -124 -117 -106 -121 -109 +102 +126 -101 +107 +108 +105 -116 -115 -118 +104 -114 +112
+1 +2 +3 +4 +5 +6 +7 +8 +9 +10 +11 +12 +13 +14 +15 +16 +17 +18 +19 +20 +21 +22 +23 +24 +25 +26 +27 +28 +29 +30 +31 +32 +33 +34 +35 +36 +37 +38 +39 +40 +41 +42 +43 +44 +45 +46 +47 +48 +49 +50 +51 +52 +53 +54 +55 +56 +57 +58 +59 +60 +61 +62 +63 +64 +65 +66 +67 +68 +69 +70 +71 +72 +73 +74 +75 +76 +77 +78 +79 +80 +81 +82 +83 +84 +85 +86 +87 +88 +89 +90 +91 +92 +93 +94 +95 +96 +97 +98 +99 +100 +101 -126 -102 +109 +121 +106 +117 +124 +122 +111 +120 +125 +123 +110 +103 -119 +113 +107 +108 +105 -116 -115 -118 +104 -114 +112
+1 +2 +3 +4 +5 +6 +7 +8 +9 +10 +11 +12 +13 +14 +15 +16 +17 +18 +19 +20 +21 +22 +23 +24 +25 +26 +27 +28 +29 +30 +31 +32 +33 +34 +35 +36 +37 +38 +39 +40 +41 +42 +43 +44 +45 +46 +47 +48 +49 +50 +51 +52 +53 +54 +55 +56 +57 +58 +59 +60 +61 +62 +63 +64 +65 +66 +67 +68 +69 +70 +71 +72 +73 +74 +75 +76 +77 +78 +79 +80 +81 +82 +83 +84 +85 +86 +87 +88 +89 +90 +91 +92 +93 +94 +95 +96 +97 +98 +99 +100 +101 +102 +126 +109 +121 +106 +117 +124 +122 +111 +120 +125 +123 +110 +103 -119 +113 +107 +108 +105 -116 -115 -118 +104 -114 +112
+1 +2 +3 +4 +5 +6 +7 +8 +9 +10 +11 +12 +13 +14 +15 +16 +17 +18 +19 +20 +21 +22 +23 +24 +25 +26 +27 +28 +29 +30 +31 +32 +33 +34 +35 +36 +37 +38 +39 +40 +41 +42 +43 +44 +45 +46 +47 +48 +49 +50 +51 +52 +53 +54 +55 +56 +57 +58 +59 +60 +61 +62 +63 +64 +65 +66 +67 +68 +69 +70 +71 +72 +73 +74 +75 +76 +77 +78 +79 +80 +81 +82 +83 +84 +85 +86 +87 +88 +89 +90 +91 +92 +93 +94 +95 +96 +97 +98 +99 +100 +101 +102 -103 -110 -123 -125 -120 -111 -122 -124 -117 -106 -121 -109 -126 -119 +113 +107 +108 +105 -116 -115 -118 +104 -114 +112
+1 +2 +3 +4 +5 +6 +7 +8 +9 +10 +11 +12 +13 +14 +15 +16 +17 +18 +19 +20 +21 +22 +23 +24 +25 +26 +27 +28 +29 +30 +31 +32 +33 +34 +35 +36 +37 +38 +39 +40 +41 +42 +43 +44 +45 +46 +47 +48 +49 +50 +51 +52 +53 +54 +55 +56 +57 +58 +59 +60 +61 +62 +63 +64 +65 +66 +67 +68 +69 +70 +71 +72 +73 +74 +75 +76 +77 +78 +79 +80 +81 +82 +83 +84 +85 +86 +87 +88 +89 +90 +91 +92 +93 +94 +95 +96 +97 +98 +99 +100 +101 +102 +103 -110 -123 -125 -120 -111 -122 -124 -117 -106 -121 -109 -126 -119 +113 +107 +108 +105 -116 -115 -118 +104 -114 +112
+1 +2 +3 +4 +5 +6 +7 +8 +9 +10 +11 +12 +13 +14 +15 +16 +17 +18 +19 +20 +21 +22 +23 +24 +25 +26 +27 +28 +29 +30 +31 +32 +33 +34 +35 +36 +37 +38 +39 +40 +41 +42 +43 +44 +45 +46 +47 +48 +49 +50 +51 +52 +53 +54 +55 +56 +57 +58 +59 +60 +61 +62 +63 +64 +65 +66 +67 +68 +69 +70 +71 +72 +73 +74 +75 +76 +77 +78 +79 +80 +81 +82 +83 +84 +85 +86 +87 +88 +89 +90 +91 +92 +93 +94 +95 +96 +97 +98 +99 +100 +101 +102 +103 -104 +118 +115 +116 -105 -108 -107 -113 +119 +126 +109 +121 +106 +117 +124 +122 +111 +120 +125 +123 +110 -114 +112
+1 +2 +3 +4 +5 +6 +7 +8 +9 +10 +11 +12 +13 +14 +15 +16 +17 +18 +19 +20 +21 +22 +23 +24 +25 +26 +27 +28 +29 +30 +31 +32 +33 +34 +35 +36 +37 +38 +39 +40 +41 +42 +43 +44 +45 +46 +47 +48 +49 +50 +51 +52 +53 +54 +55 +56 +57 +58 +59 +60 +61 +62 +63 +64 +65 +66 +67 +68 +69 +70 +71 +72 +73 +74 +75 +76 +77 +78 +79 +80 +81 +82 +83 +84 +85 +86 +87 +88 +89 +90 +91 +92 +93 +94 +95 +96 +97 +98 +99 +100 +101 +102 +103 +104 +118 +115 +116 -105 -108 -107 -113 +119 +126 +109 +121 +106 +117 +124 +122 +111 +120 +125 +123 +110 -114 +112
+1 +2 +3 +4 +5 +6 +7 +8 +9 +10 +11 +12 +13 +14 +15 +16 +17 +18 +19 +20 +21 +22 +23 +24 +25 +26 +27 +28 +29 +30 +31 +32 +33 +34 +35 +36 +37 +38 +39 +40 +41 +42 +43 +44 +45 +46 +47 +48 +49 +50 +51 +52 +53 +54 +55 +56 +57 +58 +59 +60 +61 +62 +63 +64 +65 +66 +67 +68 +69 +70 +71 +72 +73 +74 +75 +76 +77 +78 +79 +80 +81 +82 +83 +84 +85 +86 +87 +88 +89 +90 +91 +92 +93 +94 +95 +96 +97 +98 +99 +100 +101 +102 +103 +104 +105 -116 -115 -118 -108 -107 -113 +119 +126 +109 +121 +106 +117 +124 +122 +111 +120 +125 +123 +110 -114 +112
+1 +2 +3 +4 +5 +6 +7 +8 +9 +10 +11 +12 +13 +14 +15 +16 +17 +18 +19 +20 +21 +22 +23 +24 +25 +26 +27 +28 +29 +30 +31 +32 +33 +34 +35 +36 +37 +38 +39 +40 +41 +42 +43 +44 +45 +46 +47 +48 +49 +50 +51 +52 +53 +54 +55 +56 +57 +58 +59 +60 +61 +62 +63 +64 +65 +66 +67 +68 +69 +70 +71 +72 +73 +74 +75 +76 +77 +78 +79 +80 +81 +82 +83 +84 +85 +86 +87 +88 +89 +90 +91 +92 +93 +94 +95 +96 +97 +98 +99 +100 +101 +102 +103 +104 +105 -106 -121 -109 -126 -119 +113 +107 +108 +118 +115 +116 +117 +124 +122 +111 +120 +125 +123 +110 -114 +112
+1 +2 +3 +4 +5 +6 +7 +8 +9 +10 +11 +12 +13 +14 +15 +16 +17 +18 +19 +20 +21 +22 +23 +24 +25 +26 +27 +28 +29 +30 +31 +32 +33 +34 +35 +36 +37 +38 +39 +40 +41 +42 +43 +44 +45 +46 +47 +48 +49 +50 +51 +52 +53 +54 +55 +56 +57 +58 +59 +60 +61 +62 +63 +64 +65 +66 +67 +68 +69 +70 +71 +72 +73 +74 +75 +76 +77 +78 +79 +80 +81 +82 +83 +84 +85 +86 +87 +88 +89 +90 +91 +92 +93 +94 +95 +96 +97 +98 +99 +100 +101 +102 +103 +104 +105 +106 -121 -109 -126 -119 +113 +107 +108 +118 +115 +116 +117 +124 +122 +111 +120 +125 +123 +110 -114 +112
+1 +2 +3 +4 +5 +6 +7 +8 +9 +10 +11 +12 +13 +14 +15 +16 +17 +18 +19 +20 +21 +22 +23 +24 +25 +26 +27 +28 +29 +30 +31 +32 +33 +34 +35 +36 +37 +38 +39 +40 +41 +42 +43 +44 +45 +46 +47 +48 +49 +50 +51 +52 +53 +54 +55 +56 +57 +58 +59 +60 +61 +62 +63 +64 +65 +66 +67 +68 +69 +70 +71 +72 +73 +74 +75 +76 +77 +78 +79 +80 +81 +82 +83 +84 +85 +86 +87 +88 +89 +90 +91 +92 +93 +94 +95 +96 +97 +98 +99 +100 +101 +102 +103 +104 +105 +106 -107 -113 +119 +126 +109 +121 +108 +118 +115 +116 +117 +124 +122 +111 +120 +125 +123 +110 -114 +112
+1 +2 +3 +4 +5 +6 +7 +8 +9 +10 +11 +12 +13 +14 +15 +16 +17 +18 +19 +20 +21 +22 +23 +24 +25 +26 +27 +28 +29 +30 +31 +32 +33 +34 +35 +36 +37 +38 +39 +40 +41 +42 +43 +44 +45 +46 +47 +48 +49 +50 +51 +52 +53 +54 +55 +56 +57 +58 +59 +60 +61 +62 +63 +64 +65 +66 +67 +68 +69 +70 +71 +72 +73 +74 +75 +76 +77 +78 +79 +80 +81 +82 +83 +84 +85 +86 +87 +88 +89 +90 +91 +92 +93 +94 +95 +96 +97 +98 +99 +100 +101 +102 +103 +104 +105 +106 +107 -113 +119 +126 +109 +121 +108 +118 +115 +116 +117 +124 +122 +111 +120 +125 +123 +110 -114 +112
+1 +2 +3 +4 +5 +6 +7 +8 +9 +10 +11 +12 +13 +14 +15 +16 +17 +18 +19 +20 +21 +22 +23 +24 +25 +26 +27 +28 +29 +30 +31 +32 +33 +34 +35 +36 +37 +38 +39 +40 +41 +42 +43 +44 +45 +46 +47 +48 +49 +50 +51 +52 +53 +54 +55 +56 +57 +58 +59 +60 +61 +62 +63 +64 +65 +66 +67 +68 +69 +70 +71 +72 +73 +74 +75 +76 +77 +78 +79 +80 +81 +82 +83 +84 +85 +86 +87 +88 +89 +90 +91 +92 +93 +94 +95 +96 +97 +98 +99 +100 +101 +102 +103 +104 +105 +106 +107 -108 -121 -109 -126 -119 +113 +118 +115 +116 +117 +124 +122 +111 +120 +125 +123 +110 -114 +112
+1 +2 +3 +4 +5 +6 +7 +8 +9 +10 +11 +12 +13 +14 +15 +16 +17 +18 +19 +20 +21 +22 +23 +24 +25 +26 +27 +28 +29 +30 +31 +32 +33 +34 +35 +36 +37 +38 +39 +40 +41 +42 +43 +44 +45 +46 +47 +48 +49 +50 +51 +52 +53 +54 +55 +56 +57 +58 +59 +60 +61 +62 +63 +64 +65 +66 +67 +68 +69 +70 +71 +72 +73 +74 +75 +76 +77 +78 +79 +80 +81 +82 +83 +84 +85 +86 +87 +88 +89 +90 +91 +92 +93 +94 +95 +96 +97 +98 +99 +100 +101 +102 +103 +104 +105 +106 +107 +108 -121 -109 -126 -119 +113 +118 +115 +116 +117 +124 +122 +111 +120 +125 +123 +110 -114 +112
+1 +2 +3 +4 +5 +6 +7 +8 +9 +10 +11 +12 +13 +14 +15 +16 +17 +18 +19 +20 +21 +22 +23 +24 +25 +26 +27 +28 +29 +30 +31 +32 +33 +34 +35 +36 +37 +38 +39 +40 +41 +42 +43 +44 +45 +46 +47 +48 +49 +50 +51 +52 +53 +54 +55 +56 +57 +58 +59 +60 +61 +62 +63 +64 +65 +66 +67 +68 +69 +70 +71 +72 +73 +74 +75 +76 +77 +78 +79 +80 +81 +82 +83 +84 +85 +86 +87 +88 +89 +90 +91 +92 +93 +94 +95 +96 +97 +98 +99 +100 +101 +102 +103 +104 +105 +106 +107 +108 +109 +121 -126 -119 +113 +118 +115 +116 +117 +124 +122 +111 +120 +125 +123 +110 -114 +112
+1 +2 +3 +4 +5 +6 +7 +8 +9 +10 +11 +12 +13 +14 +15 +16 +17 +18 +19 +20 +21 +22 +23 +24 +25 +26 +27 +28 +29 +30 +31 +32 +33 +34 +35 +36 +37 +38 +39 +40 +41 +42 +43 +44 +45 +46 +47 +48 +49 +50 +51 +52 +53 +54 +55 +56 +57 +58 +59 +60 +61 +62 +63 +64 +65 +66 +67 +68 +69 +70 +71 +72 +73 +74 +75 +76 +77 +78 +79 +80 +81 +82 +83 +84 +85 +86 +87 +88 +89 +90 +91 +92 +93 +94 +95 +96 +97 +98 +99 +100 +101 +102 +103 +104 +105 +106 +107 +108 +109 -110 -123 -125 -120 -111 -122 -124 -117 -116 -115 -118 -113 +119 +126 -121 -114 +112
+1 +2 +3 +4 +5 +6 +7 +8 +9 +10 +11 +12 +13 +14 +15 +16 +17 +18 +19 +20 +21 +22 +23 +24 +25 +26 +27 +28 +29 +30 +31 +32 +33 +34 +35 +36 +37 +38 +39 +40 +41 +42 +43 +44 +45 +46 +47 +48 +49 +50 +51 +52 +53 +54 +55 +56 +57 +58 +59 +60 +61 +62 +63 +64 +65 +66 +67 +68 +69 +70 +71 +72 +73 +74 +75 +76 +77 +78 +79 +80 +81 +82 +83 +84 +85 +86 +87 +88 +89 +90 +91 +92 +93 +94 +95 +96 +97 +98 +99 +100 +101 +102 +103 +104 +105 +106 +107 +108 +109 +110 -123 -125 -120 -111 -122 -124 -117 -116 -115 -118 -113 +119 +126 -121 -114 +112
+1 +2 +3 +4 +5 +6 +7 +8 +9 +10 +11 +12 +13 +14 +15 +16 +17 +18 +19 +20 +21 +22 +23 +24 +25 +26 +27 +28 +29 +30 +31 +32 +33 +34 +35 +36 +37 +38 +39 +40 +41 +42 +43 +44 +45 +46 +47 +48 +49 +50 +51 +52 +53 +54 +55 +56 +57 +58 +59 +60 +61 +62 +63 +64 +65 +66 +67 +68 +69 +70 +71 +72 +73 +74 +75 +76 +77 +78 +79 +80 +81 +82 +83 +84 +85 +86 +87 +88 +89 +90 +91 +92 +93 +94 +95 +96 +97 +98 +99 +100 +101 +102 +103 +104 +105 +106 +107 +108 +109 +110 +111 +120 +125 +123 -122 -124 -117 -116 -115 -118 -113 +119 +126 -121 -114 +112
+1 +2 +3 +4 +5 +6 +7 +8 +9 +10 +11 +12 +13 +14 +15 +16 +17 +18 +19 +20 +21 +22 +23 +24 +25 +26 +27 +28 +29 +30 +31 +32 +33 +34 +35 +36 +37 +38 +39 +40 +41 +42 +43 +44 +45 +46 +47 +48 +49 +50 +51 +52 +53 +54 +55 +56 +57 +58 +59 +60 +61 +62 +63 +64 +65 +66 +67 +68 +69 +70 +71 +72 +73 +74 +75 +76 +77 +78 +79 +80 +81 +82 +83 +84 +85 +86 +87 +88 +89 +90 +91 +92 +93 +94 +95 +96 +97 +98 +99 +100 +101 +102 +103 +104 +105 +106 +107 +108 +109 +110 +111 -112 +114 +121 -126 -119 +113 +118 +115 +116 +117 +124 +122 -123 -125 -120
+1 +2 +3 +4 +5 +6 +7 +8 +9 +10 +11 +12 +13 +14 +15 +16 +17 +18 +19 +20 +21 +22 +23 +24 +25 +26 +27 +28 +29 +30 +31 +32 +33 +34 +35 +36 +37 +38 +39 +40 +41 +42 +43 +44 +45 +46 +47 +48 +49 +50 +51 +52 +53 +54 +55 +56 +57 +58 +59 +60 +61 +62 +63 +64 +65 +66 +67 +68 +69 +70 +71 +72 +73 +74 +75 +76 +77 +78 +79 +80 +81 +82 +83 +84 +85 +86 +87 +88 +89 +90 +91 +92 +93 +94 +95 +96 +97 +98 +99 +100 +101 +102 +103 +104 +105 +106 +107 +108 +109 +110 +111 +112 +114 +121 -126 -119 +113 +118 +115 +116 +117 +124 +122 -123 -125 -120
+1 +2 +3 +4 +5 +6 +7 +8 +9 +10 +11 +12 +13 +14 +15 +16 +17 +18 +19 +20 +21 +22 +23 +24 +25 +26 +27 +28 +29 +30 +31 +32 +33 +34 +35 +36 +37 +38 +39 +40 +41 +42 +43 +44 +45 +46 +47 +48 +49 +50 +51 +52 +53 +54 +55 +56 +57 +58 +59 +60 +61 +62 +63 +64 +65 +66 +67 +68 +69 +70 +71 +72 +73 +74 +75 +76 +77 +78 +79 +80 +81 +82 +83 +84 +85 +86 +87 +88 +89 +90 +91 +92 +93 +94 +95 +96 +97 +98 +99 +100 +101 +102 +103 +104 +105 +106 +107 +108 +109 +110 +111 +112 -113 +119 +126 -121 -114 +118 +115 +116 +117 +124 +122 -123 -125 -120
+1 +2 +3 +4 +5 +6 +7 +8 +9 +10 +11 +12 +13 +14 +15 +16 +17 +18 +19 +20 +21 +22 +23 +24 +25 +26 +27 +28 +29 +30 +31 +32 +33 +34 +35 +36 +37 +38 +39 +40 +41 +42 +43 +44 +45 +46 +47 +48 +49 +50 +51 +52 +53 +54 +55 +56 +57 +58 +59 +60 +61 +62 +63 +64 +65 +66 +67 +68 +69 +70 +71 +72 +73 +74 +75 +76 +77 +78 +79 +80 +81 +82 +83 +84 +85 +86 +87 +88 +89 +90 +91 +92 +93 +94 +95 +96 +97 +98 +99 +100 +101 +102 +103 +104 +105 +106 +107 +108 +109 +110 +111 +112 +113 +119 +126 -121 -114 +118 +115 +116 +117 +124 +122 -123 -125 -120
+1 +2 +3 +4 +5 +6 +7 +8 +9 +10 +11 +12 +13 +14 +15 +16 +17 +18 +19 +20 +21 +22 +23 +24 +25 +26 +27 +28 +29 +30 +31 +32 +33 +34 +35 +36 +37 +38 +39 +40 +41 +42 +43 +44 +45 +46 +47 +48 +49 +50 +51 +52 +53 +54 +55 +56 +57 +58 +59 +60 +61 +62 +63 +64 +65 +66 +67 +68 +69 +70 +71 +72 +73 +74 +75 +76 +77 +78 +79 +80 +81 +82 +83 +84 +85 +86 +87 +88 +89 +90 +91 +92 +93 +94 +95 +96 +97 +98 +99 +100 +101 +102 +103 +104 +105 +106 +107 +108 +109 +110 +111 +112 +113 +114 +121 -126 -119 +118 +115 +116 +117 +124 +122 -123 -125 -120
+1 +2 +3 +4 +5 +6 +7 +8 +9 +10 +11 +12 +13 +14 +15 +16 +17 +18 +19 +20 +21 +22 +23 +24 +25 +26 +27 +28 +29 +30 +31 +32 +33 +34 +35 +36 +37 +38 +39 +40 +41 +42 +43 +44 +45 +46 +47 +48 +49 +50 +51 +52 +53 +54 +55 +56 +57 +58 +59 +60 +61 +62 +63 +64 +65 +66 +67 +68 +69 +70 +71 +72 +73 +74 +75 +76 +77 +78 +79 +80 +81 +82 +83 +84 +85 +86 +87 +88 +89 +90 +91 +92 +93 +94 +95 +96 +97 +98 +99 +100 +101 +102 +103 +104 +105 +106 +107 +108 +109 +110 +111 +112 +113 +114 -115 -118 +119 +126 -121 +116 +117 +124 +122 -123 -125 -120
+1 +2 +3 +4 +5 +6 +7 +8 +9 +10 +11 +12 +13 +14 +15 +16 +17 +18 +19 +20 +21 +22 +23 +24 +25 +26 +27 +28 +29 +30 +31 +32 +33 +34 +35 +36 +37 +38 +39 +40 +41 +42 +43 +44 +45 +46 +47 +48 +49 +50 +51 +52 +53 +54 +55 +56 +57 +58 +59 +60 +61 +62 +63 +64 +65 +66 +67 +68 +69 +70 +71 +72 +73 +74 +75 +76 +77 +78 +79 +80 +81 +82 +83 +84 +85 +86 +87 +88 +89 +90 +91 +92 +93 +94 +95 +96 +97 +98 +99 +100 +101 +102 +103 +104 +105 +106 +107 +108 +109 +110 +111 +112 +113 +114 +115 -118 +119 +126 -121 +116 +117 +124 +122 -123 -125 -120
+1 +2 +3 +4 +5 +6 +7 +8 +9 +10 +11 +12 +13 +14 +15 +16 +17 +18 +19 +20 +21 +22 +23 +24 +25 +26 +27 +28 +29 +30 +31 +32 +33 +34 +35 +36 +37 +38 +39 +40 +41 +42 +43 +44 +45 +46 +47 +48 +49 +50 +51 +52 +53 +54 +55 +56 +57 +58 +59 +60 +61 +62 +63 +64 +65 +66 +67 +68 +69 +70 +71 +72 +73 +74 +75 +76 +77 +78 +79 +80 +81 +82 +83 +84 +85 +86 +87 +88 +89 +90 +91 +92 +93 +94 +95 +96 +97 +98 +99 +100 +101 +102 +103 +104 +105 +106 +107 +108 +109 +110 +111 +112 +113 +114 +115 -116 +121 -126 -119 +118 +117 +124 +122 -123 -125 -120
+1 +2 +3 +4 +5 +6 +7 +8 +9 +10 +11 +12 +13 +14 +15 +16 +17 +18 +19 +20 +21 +22 +23 +24 +25 +26 +27 +28 +29 +30 +31 +32 +33 +34 +35 +36 +37 +38 +39 +40 +41 +42 +43 +44 +45 +46 +47 +48 +49 +50 +51 +52 +53 +54 +55 +56 +57 +58 +59 +60 +61 +62 +63 +64 +65 +66 +67 +68 +69 +70 +71 +72 +73 +74 +75 +76 +77 +78 +79 +80 +81 +82 +83 +84 +85 +86 +87 +88 +89 +90 +91 +92 +93 +94 +95 +96 +97 +98 +99 +100 +101 +102 +103 +104 +105 +106 +107 +108 +109 +110 +111 +112 +113 +114 +115 +116 +121 -126 -119 +118 +117 +124 +122 -123 -125 -120
+1 +2 +3 +4 +5 +6 +7 +8 +9 +10 +11 +12 +13 +14 +15 +16 +17 +18 +19 +20 +21 +22 +23 +24 +25 +26 +27 +28 +29 +30 +31 +32 +33 +34 +35 +36 +37 +38 +39 +40 +41 +42 +43 +44 +45 +46 +47 +48 +49 +50 +51 +52 +53 +54 +55 +56 +57 +58 +59 +60 +61 +62 +63 +64 +65 +66 +67 +68 +69 +70 +71 +72 +73 +74 +75 +76 +77 +78 +79 +80 +81 +82 +83 +84 +85 +86 +87 +88 +89 +90 +91 +92 +93 +94 +95 +96 +97 +98 +99 +100 +101 +102 +103 +104 +105 +106 +107 +108 +109 +110 +111 +112 +113 +114 +115 +116 -117 -118 +119 +126 -121 +124 +122 -123 -125 -120
+1 +2 +3 +4 +5 +6 +7 +8 +9 +10 +11 +12 +13 +14 +15 +16 +17 +18 +19 +20 +21 +22 +23 +24 +25 +26 +27 +28 +29 +30 +31 +32 +33 +34 +35 +36 +37 +38 +39 +40 +41 +42 +43 +44 +45 +46 +47 +48 +49 +50 +51 +52 +53 +54 +55 +56 +57 +58 +59 +60 +61 +62 +63 +64 +65 +66 +67 +68 +69 +70 +71 +72 +73 +74 +75 +76 +77 +78 +79 +80 +81 +82 +83 +84 +85 +86 +87 +88 +89 +90 +91 +92 +93 +94 +95 +96 +97 +98 +99 +100 +101 +102 +103 +104 +105 +106 +107 +108 +109 +110 +111 +112 +113 +114 +115 +116 +117 -118 +119 +126 -121 +124 +122 -123 -125 -120
+1 +2 +3 +4 +5 +6 +7 +8 +9 +10 +11 +12 +13 +14 +15 +16 +17 +18 +19 +20 +21 +22 +23 +24 +25 +26 +27 +28 +29 +30 +31 +32 +33 +34 +35 +36 +37 +38 +39 +40 +41 +42 +43 +44 +45 +46 +47 +48 +49 +50 +51 +52 +53 +54 +55 +56 +57 +58 +59 +60 +61 +62 +63 +64 +65 +66 +67 +68 +69 +70 +71 +72 +73 +74 +75 +76 +77 +78 +79 +80 +81 +82 +83 +84 +85 +86 +87 +88 +89 +90 +91 +92 +93 +94 +95 +96 +97 +98 +99 +100 +101 +102 +103 +104 +105 +106 +107 +108 +109 +110 +111 +112 +113 +114 +115 +116 +117 +118 +119 +126 -121 +124 +122 -123 -125 -120
+1 +2 +3 +4 +5 +6 +7 +8 +9 +10 +11 +12 +13 +14 +15 +16 +17 +18 +19 +20 +21 +22 +23 +24 +25 +26 +27 +28 +29 +30 +31 +32 +33 +34 +35 +36 +37 +38 +39 +40 +41 +42 +43 +44 +45 +46 +47 +48 +49 +50 +51 +52 +53 +54 +55 +56 +57 +58 +59 +60 +61 +62 +63 +64 +65 +66 +67 +68 +69 +70 +71 +72 +73 +74 +75 +76 +77 +78 +79 +80 +81 +82 +83 +84 +85 +86 +87 +88 +89 +90 +91 +92 +93 +94 +95 +96 +97 +98 +99 +100 +101 +102 +103 +104 +105 +106 +107 +108 +109 +110 +111 +112 +113 +114 +115 +116 +117 +118 +119 +120 +125 +123 -122 -124 +121 -126
+1 +2 +3 +4 +5 +6 +7 +8 +9 +10 +11 +12 +13 +14 +15 +16 +17 +18 +19 +20 +21 +22 +23 +24 +25 +26 +27 +28 +29 +30 +31 +32 +33 +34 +35 +36 +37 +38 +39 +40 +41 +42 +43 +44 +45 +46 +47 +48 +49 +50 +51 +52 +53 +54 +55 +56 +57 +58 +59 +60 +61 +62 +63 +64 +65 +66 +67 +68 +69 +70 +71 +72 +73 +74 +75 +76 +77 +78 +79 +80 +81 +82 +83 +84 +85 +86 +87 +88 +89 +90 +91 +92 +93 +94 +95 +96 +97 +98 +99 +100 +101 +102 +103 +104 +105 +106 +107 +108 +109 +110 +111 +112 +113 +114 +115 +116 +117 +118 +119 +120 -121 +124 +122 -123 -125 -126
+1 +2 +3 +4 +5 +6 +7 +8 +9 +10 +11 +12 +13 +14 +15 +16 +17 +18 +19 +20 +21 +22 +23 +24 +25 +26 +27 +28 +29 +30 +31 +32 +33 +34 +35 +36 +37 +38 +39 +40 +41 +42 +43 +44 +45 +46 +47 +48 +49 +50 +51 +52 +53 +54 +55 +56 +57 +58 +59 +60 +61 +62 +63 +64 +65 +66 +67 +68 +69 +70 +71 +72 +73 +74 +75 +76 +77 +78 +79 +80 +81 +82 +83 +84 +85 +86 +87 +88 +89 +90 +91 +92 +93 +94 +95 +96 +97 +98 +99 +100 +101 +102 +103 +104 +105 +106 +107 +108 +109 +110 +111 +112 +113 +114 +115 +116 +117 +118 +119 +120 +121 +124 +122 -123 -125 -126
+1 +2 +3 +4 +5 +6 +7 +8 +9 +10 +11 +12 +13 +14 +15 +16 +17 +18 +19 +20 +21 +22 +23 +24 +25 +26 +27 +28 +29 +30 +31 +32 +33 +34 +35 +36 +37 +38 +39 +40 +41 +42 +43 +44 +45 +46 +47 +48 +49 +50 +51 +52 +53 +54 +55 +56 +57 +58 +59 +60 +61 +62 +63 +64 +65 +66 +67 +68 +69 +70 +71 +72 +73 +74 +75 +76 +77 +78 +79 +80 +81 +82 +83 +84 +85 +86 +87 +88 +89 +90 +91 +92 +93 +94 +95 +96 +97 +98 +99 +100 +101 +102 +103 +104 +105 +106 +107 +108 +109 +110 +111 +112 +113 +114 +115 +116 +117 +118 +119 +120 +121 -122 -124 -123 -125 -126
+1 +2 +3 +4 +5 +6 +7 +8 +9 +10 +11 +12 +13 +14 +15 +16 +17 +18 +19 +20 +21 +22 +23 +24 +25 +26 +27 +28 +29 +30 +31 +32 +33 +34 +35 +36 +37 +38 +39 +40 +41 +42 +43 +44 +45 +46 +47 +48 +49 +50 +51 +52 +53 +54 +55 +56 +57 +58 +59 +60 +61 +62 +63 +64 +65 +66 +67 +68 +69 +70 +71 +72 +73 +74 +75 +76 +77 +78 +79 +80 +81 +82 +83 +84 +85 +86 +87 +88 +89 +90 +91 +92 +93 +94 +95 +96 +97 +98 +99 +100 +101 +102 +103 +104 +105 +106 +107 +108 +109 +110 +111 +112 +113 +114 +115 +116 +117 +118 +119 +120 +121 +122 -124 -123 -125 -126
+1 +2 +3 +4 +5 +6 +7 +8 +9 +10 +11 +12 +13 +14 +15 +16 +17 +18 +19 +20 +21 +22 +23 +24 +25 +26 +27 +28 +29 +30 +31 +32 +33 +34 +35 +36 +37 +38 +39 +40 +41 +42 +43 +44 +45 +46 +47 +48 +49 +50 +51 +52 +53 +54 +55 +56 +57 +58 +59 +60 +61 +62 +63 +64 +65 +66 +67 +68 +69 +70 +71 +72 +73 +74 +75 +76 +77 +78 +79 +80 +81 +82 +83 +84 +85 +86 +87 +88 +89 +90 +91 +92 +93 +94 +95 +96 +97 +98 +99 +100 +101 +102 +103 +104 +105 +106 +107 +108 +109 +110 +111 +112 +113 +114 +115 +116 +117 +118 +119 +120 +121 +122 +123 +124 -125 -126
+1 +2 +3 +4 +5 +6 +7 +8 +9 +10 +11 +12 +13 +14 +15 +16 +17 +18 +19 +20 +21 +22 +23 +24 +25 +26 +27 +28 +29 +30 +31 +32 +33 +34 +35 +36 +37 +38 +39 +40 +41 +42 +43 +44 +45 +46 +47 +48 +49 +50 +51 +52 +53 +54 +55 +56 +57 +58 +59 +60 +61 +62 +63 +64 +65 +66 +67 +68 +69 +70 +71 +72 +73 +74 +75 +76 +77 +78 +79 +80 +81 +82 +83 +84 +85 +86 +87 +88 +89 +90 +91 +92 +93 +94 +95 +96 +97 +98 +99 +100 +101 +102 +103 +104 +105 +106 +107 +108 +109 +110 +111 +112 +113 +114 +115 +116 +117 +118 +119 +120 +121 +122 +123 +124 +125 -126
+1 +2 +3 +4 +5 +6 +7 +8 +9 +10 +11 +12 +13 +14 +15 +16 +17 +18 +19 +20 +21 +22 +23 +24 +25 +26 +27 +28 +29 +30 +31 +32 +33 +34 +35 +36 +37 +38 +39 +40 +41 +42 +43 +44 +45 +46 +47 +48 +49 +50 +51 +52 +53 +54 +55 +56 +57 +58 +59 +60 +61 +62 +63 +64 +65 +66 +67 +68 +69 +70 +71 +72 +73 +74 +75 +76 +77 +78 +79 +80 +81 +82 +83 +84 +85 +86 +87 +88 +89 +90 +91 +92 +93 +94 +95 +96 +97 +98 +99 +100 +101 +102 +103 +104 +105 +106 +107 +108 +109 +110 +111 +112 +113 +114 +115 +116 +117 +118 +119 +120 +121 +122 +123 +124 +125 +126